0.371633	4.6	0
0.462493	-4.59986	0
0.462016	-4.59943	0
0.462084	-4.59872	0
0.46243	-4.59773	0
0.462683	-4.59645	0
0.462866	-4.59489	0
0.463034	-4.59305	0
0.463185	-4.59092	0
0.463309	-4.58851	0
0.463425	-4.58582	0
0.463568	-4.58284	0
0.463776	-4.57959	0
0.464066	-4.57604	0
0.464486	-4.57222	0
0.465287	-4.56811	0
0.465353	-4.56373	0
0.464116	-4.55906	0
0.463945	-4.55411	0
0.465363	-4.54888	0
0.467418	-4.54337	0
0.464828	-4.53757	0
0.46547	-4.5315	0
0.46842	-4.52515	0
0.464856	-4.51852	0
0.469096	-4.51161	0
0.465563	-4.50442	0
0.469784	-4.49696	0
0.466383	-4.48922	0
0.468998	-4.4812	0
0.470259	-4.4729	0
0.46782	-4.46433	0
0.469083	-4.45548	0
0.470203	-4.44636	0
0.470903	-4.43696	0
0.471097	-4.42729	0
0.471203	-4.41735	0
0.471309	-4.40714	0
0.471429	-4.39665	0
0.471781	-4.38589	0
0.4727	-4.37486	0
0.47413	-4.36356	0
0.473741	-4.35199	0
0.472296	-4.34016	0
0.475049	-4.32805	0
0.47449	-4.31568	0
0.474258	-4.30304	0
0.476007	-4.29014	0
0.47509	-4.27697	0
0.475666	-4.26354	0
0.477843	-4.24985	0
0.474999	-4.23589	0
0.476821	-4.22167	0
0.478322	-4.20719	0
0.478107	-4.19246	0
0.476874	-4.17746	0
0.47753	-4.1622	0
0.478257	-4.14669	0
0.478607	-4.13093	0
0.478875	-4.11491	0
0.479112	-4.09863	0
0.479335	-4.0821	0
0.479552	-4.06532	0
0.479792	-4.04829	0
0.480222	-4.03101	0
0.480859	-4.01348	0
0.480499	-3.9957	0
0.479657	-3.97768	0
0.479611	-3.95941	0
0.48028	-3.9409	0
0.48063	-3.92214	0
0.481591	-3.90315	0
0.48085	-3.88391	0
0.479665	-3.86443	0
0.480112	-3.84471	0
0.480501	-3.82476	0
0.480936	-3.80457	0
0.481312	-3.78415	0
0.479994	-3.76349	0
0.479467	-3.7426	0
0.479548	-3.72148	0
0.47966	-3.70013	0
0.479529	-3.67855	0
0.4793	-3.65674	0
0.479048	-3.63471	0
0.47877	-3.61246	0
0.478478	-3.58998	0
0.478421	-3.56728	0
0.478472	-3.54436	0
0.476605	-3.52122	0
0.476344	-3.49787	0
0.476974	-3.4743	0
0.475618	-3.45051	0
0.475284	-3.42651	0
0.474827	-3.4023	0
0.474796	-3.37788	0
0.472985	-3.35326	0
0.472768	-3.32842	0
0.472786	-3.30338	0
0.47187	-3.27814	0
0.470473	-3.25269	0
0.469614	-3.22704	0
0.469562	-3.2012	0
0.469311	-3.17516	0
0.466333	-3.14892	0
0.467697	-3.12248	0
0.464872	-3.09586	0
0.464462	-3.06904	0
0.463567	-3.04203	0
0.462594	-3.01484	0
0.462115	-2.98746	0
0.459038	-2.9599	0
0.46012	-2.93215	0
0.457326	-2.90422	0
0.456318	-2.87612	0
0.455394	-2.84783	0
0.454298	-2.81937	0
0.453158	-2.79074	0
0.450582	-2.76193	0
0.449106	-2.73296	0
0.448248	-2.70381	0
0.446765	-2.6745	0
0.445752	-2.64502	0
0.442715	-2.61538	0
0.443029	-2.58558	0
0.440073	-2.55562	0
0.437406	-2.5255	0
0.43687	-2.49523	0
0.433926	-2.4648	0
0.433236	-2.43422	0
0.43027	-2.40349	0
0.429819	-2.37262	0
0.425817	-2.34159	0
0.42463	-2.31042	0
0.423034	-2.27911	0
0.421177	-2.24766	0
0.417903	-2.21607	0
0.415796	-2.18434	0
0.412761	-2.15248	0
0.411763	-2.12048	0
0.408598	-2.08836	0
0.405673	-2.0561	0
0.403927	-2.02372	0
0.400819	-1.99121	0
0.398174	-1.95858	0
0.3953	-1.92583	0
0.392623	-1.89297	0
0.389422	-1.85998	0
0.387065	-1.82688	0
0.383575	-1.79367	0
0.379842	-1.76034	0
0.377131	-1.72691	0
0.375304	-1.69337	0
0.370415	-1.65973	0
0.367713	-1.62598	0
0.362919	-1.59214	0
0.360958	-1.55819	0
0.354874	-1.52415	0
0.352838	-1.49002	0
0.35026	-1.45579	0
0.344033	-1.42148	0
0.341437	-1.38707	0
0.33618	-1.35259	0
0.331567	-1.31801	0
0.32687	-1.28336	0
0.32268	-1.24863	0
0.316666	-1.21382	0
0.313584	-1.17893	0
0.306617	-1.14397	0
0.29928	-1.10895	0
0.297604	-1.07385	0
0.289669	-1.03869	0
0.282992	-1.00346	0
0.275592	-0.96817	0
0.26746	-0.932822	0
0.261368	-0.897415	0
0.256379	-0.861954	0
0.243807	-0.826439	0
0.23589	-0.790874	0
0.227676	-0.755259	0
0.219485	-0.719599	0
0.205175	-0.683893	0
0.197352	-0.648146	0
0.186888	-0.612358	0
0.176215	-0.576533	0
0.162809	-0.540672	0
0.155408	-0.504778	0
0.141481	-0.468852	0
0.133279	-0.432898	0
0.118229	-0.396917	0
0.110198	-0.360912	0
0.10164	-0.324884	0
0.0938144	-0.288836	0
0.0787281	-0.252771	0
0.0705832	-0.21669	0
0.0552402	-0.180595	0
0.0473701	-0.144489	0
0.0389179	-0.108375	0
0.0240407	-0.0722537	0
0.015162	-0.0361279	0
0.0078158	0	0
0.0156798	0.0361279	0
0.0313135	0.0722537	0
0.0394253	0.108375	0
0.0626905	0.144489	0
0.0783966	0.180595	0
0.0940467	0.21669	0
0.110041	0.252771	0
0.1258	0.288836	0
0.141593	0.324884	0
0.164543	0.360912	0
0.173403	0.396917	0
0.195863	0.432898	0
0.211737	0.468852	0
0.222779	0.504778	0
0.241029	0.540672	0
0.258858	0.576533	0
0.268464	0.612358	0
0.28894	0.648146	0
0.298612	0.683893	0
0.312223	0.719599	0
0.323818	0.755259	0
0.333389	0.790874	0
0.345134	0.826439	0
0.357393	0.861954	0
0.362282	0.897415	0
0.37109	0.932822	0
0.382414	0.96817	0
0.385364	1.00346	0
0.393009	1.03869	0
0.400345	1.07385	0
0.407767	1.10895	0
0.409113	1.14397	0
0.416269	1.17893	0
0.423236	1.21382	0
0.424531	1.24863	0
0.430578	1.28336	0
0.433137	1.31801	0
0.436379	1.35259	0
0.441603	1.38707	0
0.442047	1.42148	0
0.447401	1.45579	0
0.448766	1.49002	0
0.454091	1.52415	0
0.455171	1.55819	0
0.45609	1.59214	0
0.4586	1.62598	0
0.460957	1.65973	0
0.463268	1.69337	0
0.464999	1.72691	0
0.46848	1.76034	0
0.466383	1.79367	0
0.469482	1.82688	0
0.471013	1.85998	0
0.471939	1.89297	0
0.473785	1.92583	0
0.475135	1.95858	0
0.473914	1.99121	0
0.476668	2.02372	0
0.477798	2.0561	0
0.476213	2.08836	0
0.477764	2.12048	0
0.4786	2.15248	0
0.479114	2.18434	0
0.479545	2.21607	0
0.480014	2.24766	0
0.480854	2.27911	0
0.480977	2.31042	0
0.47981	2.34159	0
0.479729	2.37262	0
0.480466	2.40349	0
0.480755	2.43422	0
0.481593	2.4648	0
0.480429	2.49523	0
0.479524	2.5255	0
0.479531	2.55562	0
0.479614	2.58558	0
0.479415	2.61538	0
0.479089	2.64502	0
0.478723	2.6745	0
0.478451	2.70381	0
0.478516	2.73296	0
0.477258	2.76193	0
0.47577	2.79074	0
0.476717	2.81937	0
0.475262	2.84783	0
0.475161	2.87612	0
0.473787	2.90422	0
0.474743	2.93215	0
0.472621	2.9599	0
0.471615	2.98746	0
0.471261	3.01484	0
0.470864	3.04203	0
0.469879	3.06904	0
0.467615	3.09586	0
0.46856	3.12248	0
0.466267	3.14892	0
0.467356	3.17516	0
0.464443	3.2012	0
0.463921	3.22704	0
0.463174	3.25269	0
0.462646	3.27814	0
0.460398	3.30338	0
0.46016	3.32842	0
0.458974	3.35326	0
0.458404	3.37788	0
0.456429	3.4023	0
0.455715	3.42651	0
0.454752	3.45051	0
0.453843	3.4743	0
0.451482	3.49787	0
0.452144	3.52122	0
0.449447	3.54436	0
0.448733	3.56728	0
0.447675	3.58998	0
0.446604	3.61246	0
0.445725	3.63471	0
0.443284	3.65674	0
0.443266	3.67855	0
0.441872	3.70013	0
0.440229	3.72148	0
0.43939	3.7426	0
0.437616	3.76349	0
0.436503	3.78415	0
0.436066	3.80457	0
0.43408	3.82476	0
0.432967	3.84471	0
0.431814	3.86443	0
0.430648	3.88391	0
0.428536	3.90315	0
0.428751	3.92214	0
0.425834	3.9409	0
0.426068	3.95941	0
0.424549	3.97768	0
0.422459	3.9957	0
0.422523	4.01348	0
0.4213	4.03101	0
0.418944	4.04829	0
0.4174	4.06532	0
0.417172	4.0821	0
0.415689	4.09863	0
0.415102	4.11491	0
0.414143	4.13093	0
0.411106	4.14669	0
0.412351	4.1622	0
0.409833	4.17746	0
0.408795	4.19246	0
0.407618	4.20719	0
0.405974	4.22167	0
0.405216	4.23589	0
0.404924	4.24985	0
0.403208	4.26354	0
0.401372	4.27697	0
0.400743	4.29014	0
0.400305	4.30304	0
0.39958	4.31568	0
0.397489	4.32805	0
0.396663	4.34016	0
0.395527	4.35199	0
0.395717	4.36356	0
0.393952	4.37486	0
0.392897	4.38589	0
0.392077	4.39665	0
0.391005	4.40714	0
0.388786	4.41735	0
0.390818	4.42729	0
0.386942	4.43696	0
0.38904	4.44636	0
0.386771	4.45548	0
0.385336	4.46433	0
0.38497	4.4729	0
0.384706	4.4812	0
0.38436	4.48922	0
0.382988	4.49696	0
0.38087	4.50442	0
0.382963	4.51161	0
0.380104	4.51852	0
0.381419	4.52515	0
0.378267	4.5315	0
0.380037	4.53757	0
0.379204	4.54337	0
0.378192	4.54888	0
0.377401	4.55411	0
0.377055	4.55906	0
0.376823	4.56373	0
0.376384	4.56811	0
0.375682	4.57222	0
0.374641	4.57604	0
0.374522	4.57959	0
0.376079	4.58284	0
0.374676	4.58582	0
0.37274	4.58851	0
0.375547	4.59092	0
0.373264	4.59305	0
0.373335	4.59489	0
0.374284	4.59645	0
0.372127	4.59773	0
0.374525	4.59872	0
0.37177	4.59943	0
0.374577	4.59986	0
0.371633	4.6	0
