#I(input_DCSFQ)
0	0	0
0.1	0	0
0.2	0	0
0.3	0	0
0.4	0	0
0.5	0	0
0.6	0	0
0.7	0	0
0.8	0	0
0.9	0	0
1	0	0
1.1	0	0
1.2	0	0
1.3	0	0
1.4	0	0
1.5	0	0
1.6	0	0
1.7	0	0
1.8	0	0
1.9	0	0
2	0	0
2.1	0	0
2.2	0	0
2.3	0	0
2.4	0	0
2.5	0	0
2.6	0	0
2.7	0	0
2.8	0	0
2.9	0	0
3	0	0
3.1	0	0
3.2	0	0
3.3	0	0
3.4	0	0
3.5	0	0
3.6	0	0
3.7	0	0
3.8	0	0
3.9	0	0
4	0	0
4.1	0	0
4.2	0	0
4.3	0	0
4.4	0	0
4.5	0	0
4.6	0	0
4.7	0	0
4.8	0	0
4.9	0	0
5	0	0
5.1	0	0
5.2	0	0
5.3	0	0
5.4	0	0
5.5	0	0
5.6	0	0
5.7	0	0
5.8	0	0
5.9	0	0
6	0	0
6.1	0	0
6.2	0	0
6.3	0	0
6.4	0	0
6.5	0	0
6.6	0	0
6.7	0	0
6.8	0	0
6.9	0	0
7	0	0
7.1	0	0
7.2	0	0
7.3	0	0
7.4	0	0
7.5	0	0
7.6	0	0
7.7	0	0
7.8	0	0
7.9	0	0
8	0	0
8.1	0	0
8.2	0	0
8.3	0	0
8.4	0	0
8.5	0	0
8.6	0	0
8.7	0	0
8.8	0	0
8.9	0	0
9	0	0
9.1	0	0
9.2	0	0
9.3	0	0
9.4	0	0
9.5	0	0
9.6	0	0
9.7	0	0
9.8	0	0
9.9	0	0
10	0	0
10.1	0	0
10.2	0	0
10.3	0	0
10.4	0	0
10.5	0	0
10.6	0	0
10.7	0	0
10.8	0	0
10.9	0	0
11	0	0
11.1	0	0
11.2	0	0
11.3	0	0
11.4	0	0
11.5	0	0
11.6	0	0
11.7	0	0
11.8	0	0
11.9	0	0
12	0	0
12.1	0	0
12.2	0	0
12.3	0	0
12.4	0	0
12.5	0	0
12.6	0	0
12.7	0	0
12.8	0	0
12.9	0	0
13	0	0
13.1	0	0
13.2	0	0
13.3	0	0
13.4	0	0
13.5	0	0
13.6	0	0
13.7	0	0
13.8	0	0
13.9	0	0
14	0	0
14.1	0	0
14.2	0	0
14.3	0	0
14.4	0	0
14.5	0	0
14.6	0	0
14.7	0	0
14.8	0	0
14.9	0	0
15	0	0
15.1	0	0
15.2	0	0
15.3	0	0
15.4	0	0
15.5	0	0
15.6	0	0
15.7	0	0
15.8	0	0
15.9	0	0
16	0	0
16.1	0	0
16.2	0	0
16.3	0	0
16.4	0	0
16.5	0	0
16.6	0	0
16.7	0	0
16.8	0	0
16.9	0	0
17	0	0
17.1	0	0
17.2	0	0
17.3	0	0
17.4	0	0
17.5	0	0
17.6	0	0
17.7	0	0
17.8	0	0
17.9	0	0
18	0	0
18.1	0	0
18.2	0	0
18.3	0	0
18.4	0	0
18.5	0	0
18.6	0	0
18.7	0	0
18.8	0	0
18.9	0	0
19	0	0
19.1	0	0
19.2	0	0
19.3	0	0
19.4	0	0
19.5	0	0
19.6	0	0
19.7	0	0
19.8	0	0
19.9	0	0
20	0	0
20.1	0	0
20.2	0	0
20.3	0	0
20.4	0	0
20.5	0	0
20.6	0	0
20.7	0	0
20.8	0	0
20.9	0	0
21	0	0
21.1	0	0
21.2	0	0
21.3	0	0
21.4	0	0
21.5	0	0
21.6	0	0
21.7	0	0
21.8	0	0
21.9	0	0
22	0	0
22.1	0	0
22.2	0	0
22.3	0	0
22.4	0	0
22.5	0	0
22.6	0	0
22.7	0	0
22.8	0	0
22.9	0	0
23	0	0
23.1	0	0
23.2	0	0
23.3	0	0
23.4	0	0
23.5	0	0
23.6	0	0
23.7	0	0
23.8	0	0
23.9	0	0
24	0	0
24.1	0	0
24.2	0	0
24.3	0	0
24.4	0	0
24.5	0	0
24.6	0	0
24.7	0	0
24.8	0	0
24.9	0	0
25	3.8	0
25.1	3.8	0
25.2	3.8	0
25.3	3.8	0
25.4	3.8	0
25.5	3.8	0
25.6	3.8	0
25.7	3.8	0
25.8	3.8	0
25.9	3.8	0
26	3.8	0
26.1	3.8	0
26.2	3.8	0
26.3	3.8	0
26.4	3.8	0
26.5	3.8	0
26.6	3.8	0
26.7	3.8	0
26.8	3.8	0
26.9	3.8	0
27	3.8	0
27.1	3.8	0
27.2	3.8	0
27.3	3.8	0
27.4	3.8	0
27.5	3.8	0
27.6	3.8	0
27.7	3.8	0
27.8	3.8	0
27.9	3.8	0
28	3.8	0
28.1	3.8	0
28.2	3.8	0
28.3	3.8	0
28.4	3.8	0
28.5	3.8	0
28.6	3.8	0
28.7	3.8	0
28.8	3.8	0
28.9	3.8	0
29	3.8	0
29.1	3.8	0
29.2	3.8	0
29.3	3.8	0
29.4	3.8	0
29.5	3.8	0
29.6	3.8	0
29.7	3.8	0
29.8	3.8	0
29.9	3.8	0
30	3.8	0
30.1	3.8	0
30.2	3.8	0
30.3	3.8	0
30.4	3.8	0
30.5	3.8	0
30.6	3.8	0
30.7	3.8	0
30.8	3.8	0
30.9	3.8	0
31	3.8	0
31.1	3.8	0
31.2	3.8	0
31.3	3.8	0
31.4	3.8	0
31.5	3.8	0
31.6	3.8	0
31.7	3.8	0
31.8	3.8	0
31.9	3.8	0
32	3.8	0
32.1	3.8	0
32.2	3.8	0
32.3	3.8	0
32.4	3.8	0
32.5	3.8	0
32.6	3.8	0
32.7	3.8	0
32.8	3.8	0
32.9	3.8	0
33	3.8	0
33.1	3.8	0
33.2	3.8	0
33.3	3.8	0
33.4	3.8	0
33.5	3.8	0
33.6	3.8	0
33.7	3.8	0
33.8	3.8	0
33.9	3.8	0
34	3.8	0
34.1	3.8	0
34.2	3.8	0
34.3	3.8	0
34.4	3.8	0
34.5	3.8	0
34.6	3.8	0
34.7	3.8	0
34.8	3.8	0
34.9	3.8	0
35	3.8	0
35.1	3.8	0
35.2	3.8	0
35.3	3.8	0
35.4	3.8	0
35.5	3.8	0
35.6	3.8	0
35.7	3.8	0
35.8	3.8	0
35.9	3.8	0
36	3.8	0
36.1	3.8	0
36.2	3.8	0
36.3	3.8	0
36.4	3.8	0
36.5	3.8	0
36.6	3.8	0
36.7	3.8	0
36.8	3.8	0
36.9	3.8	0
37	3.8	0
37.1	3.8	0
37.2	3.8	0
37.3	3.8	0
37.4	3.8	0
37.5	3.8	0
37.6	3.8	0
37.7	3.8	0
37.8	3.8	0
37.9	3.8	0
38	3.8	0
38.1	3.8	0
38.2	3.8	0
38.3	3.8	0
38.4	3.8	0
38.5	3.8	0
38.6	3.8	0
38.7	3.8	0
38.8	3.8	0
38.9	3.8	0
39	3.8	0
39.1	3.8	0
39.2	3.8	0
39.3	3.8	0
39.4	3.8	0
39.5	3.8	0
39.6	3.8	0
39.7	3.8	0
39.8	3.8	0
39.9	3.8	0
40	3.8	0
40.1	3.8	0
40.2	3.8	0
40.3	3.8	0
40.4	3.8	0
40.5	3.8	0
40.6	3.8	0
40.7	3.8	0
40.8	3.8	0
40.9	3.8	0
41	3.8	0
41.1	3.8	0
41.2	3.8	0
41.3	3.8	0
41.4	3.8	0
41.5	3.8	0
41.6	3.8	0
41.7	3.8	0
41.8	3.8	0
41.9	3.8	0
42	3.8	0
42.1	3.8	0
42.2	3.8	0
42.3	3.8	0
42.4	3.8	0
42.5	3.8	0
42.6	3.8	0
42.7	3.8	0
42.8	3.8	0
42.9	3.8	0
43	3.8	0
43.1	3.8	0
43.2	3.8	0
43.3	3.8	0
43.4	3.8	0
43.5	3.8	0
43.6	3.8	0
43.7	3.8	0
43.8	3.8	0
43.9	3.8	0
44	3.8	0
44.1	3.8	0
44.2	3.8	0
44.3	3.8	0
44.4	3.8	0
44.5	3.8	0
44.6	3.8	0
44.7	3.8	0
44.8	3.8	0
44.9	3.8	0
45	3.8	0
45.1	3.8	0
45.2	3.8	0
45.3	3.8	0
45.4	3.8	0
45.5	3.8	0
45.6	3.8	0
45.7	3.8	0
45.8	3.8	0
45.9	3.8	0
46	3.8	0
46.1	3.8	0
46.2	3.8	0
46.3	3.8	0
46.4	3.8	0
46.5	3.8	0
46.6	3.8	0
46.7	3.8	0
46.8	3.8	0
46.9	3.8	0
47	3.8	0
47.1	3.8	0
47.2	3.8	0
47.3	3.8	0
47.4	3.8	0
47.5	3.8	0
47.6	3.8	0
47.7	3.8	0
47.8	3.8	0
47.9	3.8	0
48	3.8	0
48.1	3.8	0
48.2	3.8	0
48.3	3.8	0
48.4	3.8	0
48.5	3.8	0
48.6	3.8	0
48.7	3.8	0
48.8	3.8	0
48.9	3.8	0
49	3.8	0
49.1	3.8	0
49.2	3.8	0
49.3	3.8	0
49.4	3.8	0
49.5	3.8	0
49.6	3.8	0
49.7	3.8	0
49.8	3.8	0
49.9	3.8	0
50	-9.04168e-008	0
50.1	-1.22899e-016	0
50.2	-9.87814e-025	0
50.3	-1.48287e-032	0
50.4	-2.81443e-040	0
50.5	-5.79444e-048	0
50.6	-1.15291e-055	0
50.7	-1.94562e-063	0
50.8	-2.43734e-071	0
50.9	-2.28993e-079	0
51	-2.00689e-087	0
51.1	-1.01103e-095	0
51.2	2.29993e-104	0
51.3	-1.26469e-112	0
51.4	5.12433e-121	0
51.5	-7.28873e-130	0
51.6	5.8783e-140	0
51.7	-4.63484e-152	0
51.8	-2.26821e-161	0
51.9	-6.662e-170	0
52	-5.08306e-178	0
52.1	-6.91483e-186	0
52.2	-1.33235e-193	0
52.3	-3.07676e-201	0
52.4	-7.44328e-209	0
52.5	-1.6888e-216	0
52.6	-3.2929e-224	0
52.7	-5.12323e-232	0
52.8	-5.81991e-240	0
52.9	-4.16936e-248	0
53	-1.39698e-256	0
53.1	-6.64166e-266	0
53.2	6.53707e-275	0
53.3	-6.77564e-284	0
53.4	2.14929e-293	0
53.5	3.59754e-304	0
53.6	5.11168e-314	0
53.7	1.97626e-323	0
53.8	0	0
53.9	0	0
54	0	0
54.1	0	0
54.2	0	0
54.3	0	0
54.4	0	0
54.5	0	0
54.6	0	0
54.7	0	0
54.8	0	0
54.9	0	0
55	0	0
55.1	0	0
55.2	0	0
55.3	0	0
55.4	0	0
55.5	0	0
55.6	0	0
55.7	0	0
55.8	0	0
55.9	0	0
56	0	0
56.1	0	0
56.2	0	0
56.3	0	0
56.4	0	0
56.5	0	0
56.6	0	0
56.7	0	0
56.8	0	0
56.9	0	0
57	0	0
57.1	0	0
57.2	0	0
57.3	0	0
57.4	0	0
57.5	0	0
57.6	0	0
57.7	0	0
57.8	0	0
57.9	0	0
58	0	0
58.1	0	0
58.2	0	0
58.3	0	0
58.4	0	0
58.5	0	0
58.6	0	0
58.7	0	0
58.8	0	0
58.9	0	0
59	0	0
59.1	0	0
59.2	0	0
59.3	0	0
59.4	0	0
59.5	0	0
59.6	0	0
59.7	0	0
59.8	0	0
59.9	0	0
60	0	0
60.1	0	0
60.2	0	0
60.3	0	0
60.4	0	0
60.5	0	0
60.6	0	0
60.7	0	0
60.8	0	0
60.9	0	0
61	0	0
61.1	0	0
61.2	0	0
61.3	0	0
61.4	0	0
61.5	0	0
61.6	0	0
61.7	0	0
61.8	0	0
61.9	0	0
62	0	0
62.1	0	0
62.2	0	0
62.3	0	0
62.4	0	0
62.5	0	0
62.6	0	0
62.7	0	0
62.8	0	0
62.9	0	0
63	0	0
63.1	0	0
63.2	0	0
63.3	0	0
63.4	0	0
63.5	0	0
63.6	0	0
63.7	0	0
63.8	0	0
63.9	0	0
64	0	0
64.1	0	0
64.2	0	0
64.3	0	0
64.4	0	0
64.5	0	0
64.6	0	0
64.7	0	0
64.8	0	0
64.9	0	0
65	0	0
65.1	0	0
65.2	0	0
65.3	0	0
65.4	0	0
65.5	0	0
65.6	0	0
65.7	0	0
65.8	0	0
65.9	0	0
66	0	0
66.1	0	0
66.2	0	0
66.3	0	0
66.4	0	0
66.5	0	0
66.6	0	0
66.7	0	0
66.8	0	0
66.9	0	0
67	0	0
67.1	0	0
67.2	0	0
67.3	0	0
67.4	0	0
67.5	0	0
67.6	0	0
67.7	0	0
67.8	0	0
67.9	0	0
68	0	0
68.1	0	0
68.2	0	0
68.3	0	0
68.4	0	0
68.5	0	0
68.6	0	0
68.7	0	0
68.8	0	0
68.9	0	0
69	0	0
69.1	0	0
69.2	0	0
69.3	0	0
69.4	0	0
69.5	0	0
69.6	0	0
69.7	0	0
69.8	0	0
69.9	0	0
70	0	0
70.1	0	0
70.2	0	0
70.3	0	0
70.4	0	0
70.5	0	0
70.6	0	0
70.7	0	0
70.8	0	0
70.9	0	0
71	0	0
71.1	0	0
71.2	0	0
71.3	0	0
71.4	0	0
71.5	0	0
71.6	0	0
71.7	0	0
71.8	0	0
71.9	0	0
72	0	0
72.1	0	0
72.2	0	0
72.3	0	0
72.4	0	0
72.5	0	0
72.6	0	0
72.7	0	0
72.8	0	0
72.9	0	0
73	0	0
73.1	0	0
73.2	0	0
73.3	0	0
73.4	0	0
73.5	0	0
73.6	0	0
73.7	0	0
73.8	0	0
73.9	0	0
74	0	0
74.1	0	0
74.2	0	0
74.3	0	0
74.4	0	0
74.5	0	0
74.6	0	0
74.7	0	0
74.8	0	0
74.9	0	0
75	3.8	0
75.1	3.8	0
75.2	3.8	0
75.3	3.8	0
75.4	3.8	0
75.5	3.8	0
75.6	3.8	0
75.7	3.8	0
75.8	3.8	0
75.9	3.8	0
76	3.8	0
76.1	3.8	0
76.2	3.8	0
76.3	3.8	0
76.4	3.8	0
76.5	3.8	0
76.6	3.8	0
76.7	3.8	0
76.8	3.8	0
76.9	3.8	0
77	3.8	0
77.1	3.8	0
77.2	3.8	0
77.3	3.8	0
77.4	3.8	0
77.5	3.8	0
77.6	3.8	0
77.7	3.8	0
77.8	3.8	0
77.9	3.8	0
78	3.8	0
78.1	3.8	0
78.2	3.8	0
78.3	3.8	0
78.4	3.8	0
78.5	3.8	0
78.6	3.8	0
78.7	3.8	0
78.8	3.8	0
78.9	3.8	0
79	3.8	0
79.1	3.8	0
79.2	3.8	0
79.3	3.8	0
79.4	3.8	0
79.5	3.8	0
79.6	3.8	0
79.7	3.8	0
79.8	3.8	0
79.9	3.8	0
80	3.8	0
80.1	3.8	0
80.2	3.8	0
80.3	3.8	0
80.4	3.8	0
80.5	3.8	0
80.6	3.8	0
80.7	3.8	0
80.8	3.8	0
80.9	3.8	0
81	3.8	0
81.1	3.8	0
81.2	3.8	0
81.3	3.8	0
81.4	3.8	0
81.5	3.8	0
81.6	3.8	0
81.7	3.8	0
81.8	3.8	0
81.9	3.8	0
82	3.8	0
82.1	3.8	0
82.2	3.8	0
82.3	3.8	0
82.4	3.8	0
82.5	3.8	0
82.6	3.8	0
82.7	3.8	0
82.8	3.8	0
82.9	3.8	0
83	3.8	0
83.1	3.8	0
83.2	3.8	0
83.3	3.8	0
83.4	3.8	0
83.5	3.8	0
83.6	3.8	0
83.7	3.8	0
83.8	3.8	0
83.9	3.8	0
84	3.8	0
84.1	3.8	0
84.2	3.8	0
84.3	3.8	0
84.4	3.8	0
84.5	3.8	0
84.6	3.8	0
84.7	3.8	0
84.8	3.8	0
84.9	3.8	0
85	3.8	0
85.1	3.8	0
85.2	3.8	0
85.3	3.8	0
85.4	3.8	0
85.5	3.8	0
85.6	3.8	0
85.7	3.8	0
85.8	3.8	0
85.9	3.8	0
86	3.8	0
86.1	3.8	0
86.2	3.8	0
86.3	3.8	0
86.4	3.8	0
86.5	3.8	0
86.6	3.8	0
86.7	3.8	0
86.8	3.8	0
86.9	3.8	0
87	3.8	0
87.1	3.8	0
87.2	3.8	0
87.3	3.8	0
87.4	3.8	0
87.5	3.8	0
87.6	3.8	0
87.7	3.8	0
87.8	3.8	0
87.9	3.8	0
88	3.8	0
88.1	3.8	0
88.2	3.8	0
88.3	3.8	0
88.4	3.8	0
88.5	3.8	0
88.6	3.8	0
88.7	3.8	0
88.8	3.8	0
88.9	3.8	0
89	3.8	0
89.1	3.8	0
89.2	3.8	0
89.3	3.8	0
89.4	3.8	0
89.5	3.8	0
89.6	3.8	0
89.7	3.8	0
89.8	3.8	0
89.9	3.8	0
90	3.8	0
90.1	3.8	0
90.2	3.8	0
90.3	3.8	0
90.4	3.8	0
90.5	3.8	0
90.6	3.8	0
90.7	3.8	0
90.8	3.8	0
90.9	3.8	0
91	3.8	0
91.1	3.8	0
91.2	3.8	0
91.3	3.8	0
91.4	3.8	0
91.5	3.8	0
91.6	3.8	0
91.7	3.8	0
91.8	3.8	0
91.9	3.8	0
92	3.8	0
92.1	3.8	0
92.2	3.8	0
92.3	3.8	0
92.4	3.8	0
92.5	3.8	0
92.6	3.8	0
92.7	3.8	0
92.8	3.8	0
92.9	3.8	0
93	3.8	0
93.1	3.8	0
93.2	3.8	0
93.3	3.8	0
93.4	3.8	0
93.5	3.8	0
93.6	3.8	0
93.7	3.8	0
93.8	3.8	0
93.9	3.8	0
94	3.8	0
94.1	3.8	0
94.2	3.8	0
94.3	3.8	0
94.4	3.8	0
94.5	3.8	0
94.6	3.8	0
94.7	3.8	0
94.8	3.8	0
94.9	3.8	0
95	3.8	0
95.1	3.8	0
95.2	3.8	0
95.3	3.8	0
95.4	3.8	0
95.5	3.8	0
95.6	3.8	0
95.7	3.8	0
95.8	3.8	0
95.9	3.8	0
96	3.8	0
96.1	3.8	0
96.2	3.8	0
96.3	3.8	0
96.4	3.8	0
96.5	3.8	0
96.6	3.8	0
96.7	3.8	0
96.8	3.8	0
96.9	3.8	0
97	3.8	0
97.1	3.8	0
97.2	3.8	0
97.3	3.8	0
97.4	3.8	0
97.5	3.8	0
97.6	3.8	0
97.7	3.8	0
97.8	3.8	0
97.9	3.8	0
98	3.8	0
98.1	3.8	0
98.2	3.8	0
98.3	3.8	0
98.4	3.8	0
98.5	3.8	0
98.6	3.8	0
98.7	3.8	0
98.8	3.8	0
98.9	3.8	0
99	3.8	0
99.1	3.8	0
99.2	3.8	0
99.3	3.8	0
99.4	3.8	0
99.5	3.8	0
99.6	3.8	0
99.7	3.8	0
99.8	3.8	0
99.9	3.8	0
100	3.8	0
100.1	-8.10075e-008	0
100.2	-1.12684e-016	0
100.3	-9.07212e-025	0
100.4	-1.36104e-032	0
100.5	-2.58091e-040	0
100.6	-5.30868e-048	0
100.7	-1.05521e-055	0
100.8	-1.77875e-063	0
100.9	-2.22518e-071	0
101	-2.08691e-079	0
101.1	-1.82572e-087	0
101.2	-9.1701e-096	0
101.3	2.09332e-104	0
101.4	-1.15102e-112	0
101.5	4.66124e-121	0
101.6	-6.62614e-130	0
101.7	5.34083e-140	0
101.8	-3.61083e-152	0
101.9	-1.7612e-161	0
102	-5.15889e-170	0
102.1	-3.92633e-178	0
102.2	-5.32835e-186	0
102.3	-1.02425e-193	0
102.4	-2.35988e-201	0
102.5	-5.69637e-209	0
102.6	-1.28967e-216	0
102.7	-2.50932e-224	0
102.8	-3.8956e-232	0
102.9	-4.41511e-240	0
103	-3.15501e-248	0
103.1	-1.0541e-256	0
103.2	-4.98964e-266	0
103.3	4.89578e-275	0
103.4	-5.05003e-284	0
103.5	1.58463e-293	0
103.6	2.71587e-304	0
103.7	3.88115e-314	0
103.8	1.4822e-323	0
103.9	0	0
104	0	0
104.1	0	0
104.2	0	0
104.3	0	0
104.4	0	0
104.5	0	0
104.6	0	0
104.7	0	0
104.8	0	0
104.9	0	0
105	0	0
105.1	0	0
105.2	0	0
105.3	0	0
105.4	0	0
105.5	0	0
105.6	0	0
105.7	0	0
105.8	0	0
105.9	0	0
106	0	0
106.1	0	0
106.2	0	0
106.3	0	0
106.4	0	0
106.5	0	0
106.6	0	0
106.7	0	0
106.8	0	0
106.9	0	0
107	0	0
107.1	0	0
107.2	0	0
107.3	0	0
107.4	0	0
107.5	0	0
107.6	0	0
107.7	0	0
107.8	0	0
107.9	0	0
108	0	0
108.1	0	0
108.2	0	0
108.3	0	0
108.4	0	0
108.5	0	0
108.6	0	0
108.7	0	0
108.8	0	0
108.9	0	0
109	0	0
109.1	0	0
109.2	0	0
109.3	0	0
109.4	0	0
109.5	0	0
109.6	0	0
109.7	0	0
109.8	0	0
109.9	0	0
110	0	0
110.1	0	0
110.2	0	0
110.3	0	0
110.4	0	0
110.5	0	0
110.6	0	0
110.7	0	0
110.8	0	0
110.9	0	0
111	0	0
111.1	0	0
111.2	0	0
111.3	0	0
111.4	0	0
111.5	0	0
111.6	0	0
111.7	0	0
111.8	0	0
111.9	0	0
112	0	0
112.1	0	0
112.2	0	0
112.3	0	0
112.4	0	0
112.5	0	0
112.6	0	0
112.7	0	0
112.8	0	0
112.9	0	0
113	0	0
113.1	0	0
113.2	0	0
113.3	0	0
113.4	0	0
113.5	0	0
113.6	0	0
113.7	0	0
113.8	0	0
113.9	0	0
114	0	0
114.1	0	0
114.2	0	0
114.3	0	0
114.4	0	0
114.5	0	0
114.6	0	0
114.7	0	0
114.8	0	0
114.9	0	0
115	0	0
115.1	0	0
115.2	0	0
115.3	0	0
115.4	0	0
115.5	0	0
115.6	0	0
115.7	0	0
115.8	0	0
115.9	0	0
116	0	0
116.1	0	0
116.2	0	0
116.3	0	0
116.4	0	0
116.5	0	0
116.6	0	0
116.7	0	0
116.8	0	0
116.9	0	0
117	0	0
117.1	0	0
117.2	0	0
117.3	0	0
117.4	0	0
117.5	0	0
117.6	0	0
117.7	0	0
117.8	0	0
117.9	0	0
118	0	0
118.1	0	0
118.2	0	0
118.3	0	0
118.4	0	0
118.5	0	0
118.6	0	0
118.7	0	0
118.8	0	0
118.9	0	0
119	0	0
119.1	0	0
119.2	0	0
119.3	0	0
119.4	0	0
119.5	0	0
119.6	0	0
119.7	0	0
119.8	0	0
119.9	0	0
120	0	0
120.1	0	0
120.2	0	0
120.3	0	0
120.4	0	0
120.5	0	0
120.6	0	0
120.7	0	0
120.8	0	0
120.9	0	0
121	0	0
121.1	0	0
121.2	0	0
121.3	0	0
121.4	0	0
121.5	0	0
121.6	0	0
121.7	0	0
121.8	0	0
121.9	0	0
122	0	0
122.1	0	0
122.2	0	0
122.3	0	0
122.4	0	0
122.5	0	0
122.6	0	0
122.7	0	0
122.8	0	0
122.9	0	0
123	0	0
123.1	0	0
123.2	0	0
123.3	0	0
123.4	0	0
123.5	0	0
123.6	0	0
123.7	0	0
123.8	0	0
123.9	0	0
124	0	0
124.1	0	0
124.2	0	0
124.3	0	0
124.4	0	0
124.5	0	0
124.6	0	0
124.7	0	0
124.8	0	0
124.9	0	0
125	0	0
125.1	3.8	0
125.2	3.8	0
125.3	3.8	0
125.4	3.8	0
125.5	3.8	0
125.6	3.8	0
125.7	3.8	0
125.8	3.8	0
125.9	3.8	0
126	3.8	0
126.1	3.8	0
126.2	3.8	0
126.3	3.8	0
126.4	3.8	0
126.5	3.8	0
126.6	3.8	0
126.7	3.8	0
126.8	3.8	0
126.9	3.8	0
127	3.8	0
127.1	3.8	0
127.2	3.8	0
127.3	3.8	0
127.4	3.8	0
127.5	3.8	0
127.6	3.8	0
127.7	3.8	0
127.8	3.8	0
127.9	3.8	0
128	3.8	0
128.1	3.8	0
128.2	3.8	0
128.3	3.8	0
128.4	3.8	0
128.5	3.8	0
128.6	3.8	0
128.7	3.8	0
128.8	3.8	0
128.9	3.8	0
129	3.8	0
129.1	3.8	0
129.2	3.8	0
129.3	3.8	0
129.4	3.8	0
129.5	3.8	0
129.6	3.8	0
129.7	3.8	0
129.8	3.8	0
129.9	3.8	0
130	3.8	0
130.1	3.8	0
130.2	3.8	0
130.3	3.8	0
130.4	3.8	0
130.5	3.8	0
130.6	3.8	0
130.7	3.8	0
130.8	3.8	0
130.9	3.8	0
131	3.8	0
131.1	3.8	0
131.2	3.8	0
131.3	3.8	0
131.4	3.8	0
131.5	3.8	0
131.6	3.8	0
131.7	3.8	0
131.8	3.8	0
131.9	3.8	0
132	3.8	0
132.1	3.8	0
132.2	3.8	0
132.3	3.8	0
132.4	3.8	0
132.5	3.8	0
132.6	3.8	0
132.7	3.8	0
132.8	3.8	0
132.9	3.8	0
133	3.8	0
133.1	3.8	0
133.2	3.8	0
133.3	3.8	0
133.4	3.8	0
133.5	3.8	0
133.6	3.8	0
133.7	3.8	0
133.8	3.8	0
133.9	3.8	0
134	3.8	0
134.1	3.8	0
134.2	3.8	0
134.3	3.8	0
134.4	3.8	0
134.5	3.8	0
134.6	3.8	0
134.7	3.8	0
134.8	3.8	0
134.9	3.8	0
135	3.8	0
135.1	3.8	0
135.2	3.8	0
135.3	3.8	0
135.4	3.8	0
135.5	3.8	0
135.6	3.8	0
135.7	3.8	0
135.8	3.8	0
135.9	3.8	0
136	3.8	0
136.1	3.8	0
136.2	3.8	0
136.3	3.8	0
136.4	3.8	0
136.5	3.8	0
136.6	3.8	0
136.7	3.8	0
136.8	3.8	0
136.9	3.8	0
137	3.8	0
137.1	3.8	0
137.2	3.8	0
137.3	3.8	0
137.4	3.8	0
137.5	3.8	0
137.6	3.8	0
137.7	3.8	0
137.8	3.8	0
137.9	3.8	0
138	3.8	0
138.1	3.8	0
138.2	3.8	0
138.3	3.8	0
138.4	3.8	0
138.5	3.8	0
138.6	3.8	0
138.7	3.8	0
138.8	3.8	0
138.9	3.8	0
139	3.8	0
139.1	3.8	0
139.2	3.8	0
139.3	3.8	0
139.4	3.8	0
139.5	3.8	0
139.6	3.8	0
139.7	3.8	0
139.8	3.8	0
139.9	3.8	0
140	3.8	0
140.1	3.8	0
140.2	3.8	0
140.3	3.8	0
140.4	3.8	0
140.5	3.8	0
140.6	3.8	0
140.7	3.8	0
140.8	3.8	0
140.9	3.8	0
141	3.8	0
141.1	3.8	0
141.2	3.8	0
141.3	3.8	0
141.4	3.8	0
141.5	3.8	0
141.6	3.8	0
141.7	3.8	0
141.8	3.8	0
141.9	3.8	0
142	3.8	0
142.1	3.8	0
142.2	3.8	0
142.3	3.8	0
142.4	3.8	0
142.5	3.8	0
142.6	3.8	0
142.7	3.8	0
142.8	3.8	0
142.9	3.8	0
143	3.8	0
143.1	3.8	0
143.2	3.8	0
143.3	3.8	0
143.4	3.8	0
143.5	3.8	0
143.6	3.8	0
143.7	3.8	0
143.8	3.8	0
143.9	3.8	0
144	3.8	0
144.1	3.8	0
144.2	3.8	0
144.3	3.8	0
144.4	3.8	0
144.5	3.8	0
144.6	3.8	0
144.7	3.8	0
144.8	3.8	0
144.9	3.8	0
145	3.8	0
145.1	3.8	0
145.2	3.8	0
145.3	3.8	0
145.4	3.8	0
145.5	3.8	0
145.6	3.8	0
145.7	3.8	0
145.8	3.8	0
145.9	3.8	0
146	3.8	0
146.1	3.8	0
146.2	3.8	0
146.3	3.8	0
146.4	3.8	0
146.5	3.8	0
146.6	3.8	0
146.7	3.8	0
146.8	3.8	0
146.9	3.8	0
147	3.8	0
147.1	3.8	0
147.2	3.8	0
147.3	3.8	0
147.4	3.8	0
147.5	3.8	0
147.6	3.8	0
147.7	3.8	0
147.8	3.8	0
147.9	3.8	0
148	3.8	0
148.1	3.8	0
148.2	3.8	0
148.3	3.8	0
148.4	3.8	0
148.5	3.8	0
148.6	3.8	0
148.7	3.8	0
148.8	3.8	0
148.9	3.8	0
149	3.8	0
149.1	3.8	0
149.2	3.8	0
149.3	3.8	0
149.4	3.8	0
149.5	3.8	0
149.6	3.8	0
149.7	3.8	0
149.8	3.8	0
149.9	3.8	0
150	3.8	0
150.1	-6.79175e-008	0
150.2	-9.76492e-017	0
150.3	-7.90458e-025	0
150.4	-1.18792e-032	0
150.5	-2.25423e-040	0
150.6	-4.63822e-048	0
150.7	-9.22045e-056	0
150.8	-1.55426e-063	0
150.9	-1.9443e-071	0
151	-1.82392e-079	0
151.1	-1.59624e-087	0
151.2	-8.01374e-096	0
151.3	1.83084e-104	0
151.4	-1.00627e-112	0
151.5	4.0717e-121	0
151.6	-5.78013e-130	0
151.7	4.63464e-140	0
151.8	-3.17563e-152	0
151.9	-1.55078e-161	0
152	-4.54478e-170	0
152.1	-3.4598e-178	0
152.2	-4.69579e-186	0
152.3	-9.02686e-194	0
152.4	-2.07967e-201	0
152.5	-5.01913e-209	0
152.6	-1.13598e-216	0
152.7	-2.20925e-224	0
152.8	-3.42767e-232	0
152.9	-3.88183e-240	0
153	-2.77107e-248	0
153.1	-9.24209e-257	0
153.2	-4.33874e-266	0
153.3	4.26615e-275	0
153.4	-4.40483e-284	0
153.5	1.38389e-293	0
153.6	2.33876e-304	0
153.7	3.35215e-314	0
153.8	1.4822e-323	0
153.9	0	0
154	0	0
154.1	0	0
154.2	0	0
154.3	0	0
154.4	0	0
154.5	0	0
154.6	0	0
154.7	0	0
154.8	0	0
154.9	0	0
155	0	0
155.1	0	0
155.2	0	0
155.3	0	0
155.4	0	0
155.5	0	0
155.6	0	0
155.7	0	0
155.8	0	0
155.9	0	0
156	0	0
156.1	0	0
156.2	0	0
156.3	0	0
156.4	0	0
156.5	0	0
156.6	0	0
156.7	0	0
156.8	0	0
156.9	0	0
157	0	0
157.1	0	0
157.2	0	0
157.3	0	0
157.4	0	0
157.5	0	0
157.6	0	0
157.7	0	0
157.8	0	0
157.9	0	0
158	0	0
158.1	0	0
158.2	0	0
158.3	0	0
158.4	0	0
158.5	0	0
158.6	0	0
158.7	0	0
158.8	0	0
158.9	0	0
159	0	0
159.1	0	0
159.2	0	0
159.3	0	0
159.4	0	0
159.5	0	0
159.6	0	0
159.7	0	0
159.8	0	0
159.9	0	0
160	0	0
160.1	0	0
160.2	0	0
160.3	0	0
160.4	0	0
160.5	0	0
160.6	0	0
160.7	0	0
160.8	0	0
160.9	0	0
161	0	0
161.1	0	0
161.2	0	0
161.3	0	0
161.4	0	0
161.5	0	0
161.6	0	0
161.7	0	0
161.8	0	0
161.9	0	0
162	0	0
162.1	0	0
162.2	0	0
162.3	0	0
162.4	0	0
162.5	0	0
162.6	0	0
162.7	0	0
162.8	0	0
162.9	0	0
163	0	0
163.1	0	0
163.2	0	0
163.3	0	0
163.4	0	0
163.5	0	0
163.6	0	0
163.7	0	0
163.8	0	0
163.9	0	0
164	0	0
164.1	0	0
164.2	0	0
164.3	0	0
164.4	0	0
164.5	0	0
164.6	0	0
164.7	0	0
164.8	0	0
164.9	0	0
165	0	0
165.1	0	0
165.2	0	0
165.3	0	0
165.4	0	0
165.5	0	0
165.6	0	0
165.7	0	0
165.8	0	0
165.9	0	0
166	0	0
166.1	0	0
166.2	0	0
166.3	0	0
166.4	0	0
166.5	0	0
166.6	0	0
166.7	0	0
166.8	0	0
166.9	0	0
167	0	0
167.1	0	0
167.2	0	0
167.3	0	0
167.4	0	0
167.5	0	0
167.6	0	0
167.7	0	0
167.8	0	0
167.9	0	0
168	0	0
168.1	0	0
168.2	0	0
168.3	0	0
168.4	0	0
168.5	0	0
168.6	0	0
168.7	0	0
168.8	0	0
168.9	0	0
169	0	0
169.1	0	0
169.2	0	0
169.3	0	0
169.4	0	0
169.5	0	0
169.6	0	0
169.7	0	0
169.8	0	0
169.9	0	0
170	0	0
170.1	0	0
170.2	0	0
170.3	0	0
170.4	0	0
170.5	0	0
170.6	0	0
170.7	0	0
170.8	0	0
170.9	0	0
171	0	0
171.1	0	0
171.2	0	0
171.3	0	0
171.4	0	0
171.5	0	0
171.6	0	0
171.7	0	0
171.8	0	0
171.9	0	0
172	0	0
172.1	0	0
172.2	0	0
172.3	0	0
172.4	0	0
172.5	0	0
172.6	0	0
172.7	0	0
172.8	0	0
172.9	0	0
173	0	0
173.1	0	0
173.2	0	0
173.3	0	0
173.4	0	0
173.5	0	0
173.6	0	0
173.7	0	0
173.8	0	0
173.9	0	0
174	0	0
174.1	0	0
174.2	0	0
174.3	0	0
174.4	0	0
174.5	0	0
174.6	0	0
174.7	0	0
174.8	0	0
174.9	0	0
175	0	0
175.1	3.8	0
175.2	3.8	0
175.3	3.8	0
175.4	3.8	0
175.5	3.8	0
175.6	3.8	0
175.7	3.8	0
175.8	3.8	0
175.9	3.8	0
176	3.8	0
176.1	3.8	0
176.2	3.8	0
176.3	3.8	0
176.4	3.8	0
176.5	3.8	0
176.6	3.8	0
176.7	3.8	0
176.8	3.8	0
176.9	3.8	0
177	3.8	0
177.1	3.8	0
177.2	3.8	0
177.3	3.8	0
177.4	3.8	0
177.5	3.8	0
177.6	3.8	0
177.7	3.8	0
177.8	3.8	0
177.9	3.8	0
178	3.8	0
178.1	3.8	0
178.2	3.8	0
178.3	3.8	0
178.4	3.8	0
178.5	3.8	0
178.6	3.8	0
178.7	3.8	0
178.8	3.8	0
178.9	3.8	0
179	3.8	0
179.1	3.8	0
179.2	3.8	0
179.3	3.8	0
179.4	3.8	0
179.5	3.8	0
179.6	3.8	0
179.7	3.8	0
179.8	3.8	0
179.9	3.8	0
180	3.8	0
180.1	3.8	0
180.2	3.8	0
180.3	3.8	0
180.4	3.8	0
180.5	3.8	0
180.6	3.8	0
180.7	3.8	0
180.8	3.8	0
180.9	3.8	0
181	3.8	0
181.1	3.8	0
181.2	3.8	0
181.3	3.8	0
181.4	3.8	0
181.5	3.8	0
181.6	3.8	0
181.7	3.8	0
181.8	3.8	0
181.9	3.8	0
182	3.8	0
182.1	3.8	0
182.2	3.8	0
182.3	3.8	0
182.4	3.8	0
182.5	3.8	0
182.6	3.8	0
182.7	3.8	0
182.8	3.8	0
182.9	3.8	0
183	3.8	0
183.1	3.8	0
183.2	3.8	0
183.3	3.8	0
183.4	3.8	0
183.5	3.8	0
183.6	3.8	0
183.7	3.8	0
183.8	3.8	0
183.9	3.8	0
184	3.8	0
184.1	3.8	0
184.2	3.8	0
184.3	3.8	0
184.4	3.8	0
184.5	3.8	0
184.6	3.8	0
184.7	3.8	0
184.8	3.8	0
184.9	3.8	0
185	3.8	0
185.1	3.8	0
185.2	3.8	0
185.3	3.8	0
185.4	3.8	0
185.5	3.8	0
185.6	3.8	0
185.7	3.8	0
185.8	3.8	0
185.9	3.8	0
186	3.8	0
186.1	3.8	0
186.2	3.8	0
186.3	3.8	0
186.4	3.8	0
186.5	3.8	0
186.6	3.8	0
186.7	3.8	0
186.8	3.8	0
186.9	3.8	0
187	3.8	0
187.1	3.8	0
187.2	3.8	0
187.3	3.8	0
187.4	3.8	0
187.5	3.8	0
187.6	3.8	0
187.7	3.8	0
187.8	3.8	0
187.9	3.8	0
188	3.8	0
188.1	3.8	0
188.2	3.8	0
188.3	3.8	0
188.4	3.8	0
188.5	3.8	0
188.6	3.8	0
188.7	3.8	0
188.8	3.8	0
188.9	3.8	0
189	3.8	0
189.1	3.8	0
189.2	3.8	0
189.3	3.8	0
189.4	3.8	0
189.5	3.8	0
189.6	3.8	0
189.7	3.8	0
189.8	3.8	0
189.9	3.8	0
190	3.8	0
190.1	3.8	0
190.2	3.8	0
190.3	3.8	0
190.4	3.8	0
190.5	3.8	0
190.6	3.8	0
190.7	3.8	0
190.8	3.8	0
190.9	3.8	0
191	3.8	0
191.1	3.8	0
191.2	3.8	0
191.3	3.8	0
191.4	3.8	0
191.5	3.8	0
191.6	3.8	0
191.7	3.8	0
191.8	3.8	0
191.9	3.8	0
192	3.8	0
192.1	3.8	0
192.2	3.8	0
192.3	3.8	0
192.4	3.8	0
192.5	3.8	0
192.6	3.8	0
192.7	3.8	0
192.8	3.8	0
192.9	3.8	0
193	3.8	0
193.1	3.8	0
193.2	3.8	0
193.3	3.8	0
193.4	3.8	0
193.5	3.8	0
193.6	3.8	0
193.7	3.8	0
193.8	3.8	0
193.9	3.8	0
194	3.8	0
194.1	3.8	0
194.2	3.8	0
194.3	3.8	0
194.4	3.8	0
194.5	3.8	0
194.6	3.8	0
194.7	3.8	0
194.8	3.8	0
194.9	3.8	0
195	3.8	0
195.1	3.8	0
195.2	3.8	0
195.3	3.8	0
195.4	3.8	0
195.5	3.8	0
195.6	3.8	0
195.7	3.8	0
195.8	3.8	0
195.9	3.8	0
196	3.8	0
196.1	3.8	0
196.2	3.8	0
196.3	3.8	0
196.4	3.8	0
196.5	3.8	0
196.6	3.8	0
196.7	3.8	0
196.8	3.8	0
196.9	3.8	0
197	3.8	0
197.1	3.8	0
197.2	3.8	0
197.3	3.8	0
197.4	3.8	0
197.5	3.8	0
197.6	3.8	0
197.7	3.8	0
197.8	3.8	0
197.9	3.8	0
198	3.8	0
198.1	3.8	0
198.2	3.8	0
198.3	3.8	0
198.4	3.8	0
198.5	3.8	0
198.6	3.8	0
198.7	3.8	0
198.8	3.8	0
198.9	3.8	0
199	3.8	0
199.1	3.8	0
199.2	3.8	0
199.3	3.8	0
199.4	3.8	0
199.5	3.8	0
199.6	3.8	0
199.7	3.8	0
199.8	3.8	0
199.9	3.8	0
200	3.8	0
200.1	-1.14654e-007	0
200.2	-1.43207e-016	0
200.3	-1.12767e-024	0
200.4	-1.67598e-032	0
200.5	-3.1612e-040	0
200.6	-6.47897e-048	0
200.7	-1.28436e-055	0
200.8	-2.1603e-063	0
200.9	-2.6972e-071	0
201	-2.52425e-079	0
201.1	-2.20416e-087	0
201.2	-1.10764e-095	0
201.3	2.50721e-104	0
201.4	-1.37349e-112	0
201.5	5.54412e-121	0
201.6	-7.85361e-130	0
201.7	6.31842e-140	0
201.8	-6.95629e-152	0
201.9	-3.41171e-161	0
