#I(JJ3)
0	0.139699	0
0.1	0.124997	0
0.2	0.121365	0
0.3	0.122851	0
0.4	0.126536	0
0.5	0.131131	0
0.6	0.136163	0
0.7	0.141528	0
0.8	0.14726	0
0.9	0.15342	0
1	0.160047	0
1.1	0.167147	0
1.2	0.174692	0
1.3	0.182622	0
1.4	0.190856	0
1.5	0.199295	0
1.6	0.207828	0
1.7	0.216342	0
1.8	0.224718	0
1.9	0.232842	0
2	0.240605	0
2.1	0.247907	0
2.2	0.254658	0
2.3	0.260783	0
2.4	0.266217	0
2.5	0.270914	0
2.6	0.274842	0
2.7	0.277983	0
2.8	0.280336	0
2.9	0.281915	0
3	0.282744	0
3.1	0.282861	0
3.2	0.282315	0
3.3	0.281163	0
3.4	0.279468	0
3.5	0.2773	0
3.6	0.274731	0
3.7	0.271836	0
3.8	0.268689	0
3.9	0.265363	0
4	0.261928	0
4.1	0.258452	0
4.2	0.254995	0
4.3	0.251615	0
4.4	0.24836	0
4.5	0.245274	0
4.6	0.242392	0
4.7	0.239743	0
4.8	0.23735	0
4.9	0.235226	0
5	0.233382	0
5.1	0.23182	0
5.2	0.230536	0
5.3	0.229523	0
5.4	0.228769	0
5.5	0.228258	0
5.6	0.227973	0
5.7	0.227892	0
5.8	0.227993	0
5.9	0.228253	0
6	0.228649	0
6.1	0.229157	0
6.2	0.229754	0
6.3	0.230418	0
6.4	0.23113	0
6.5	0.231869	0
6.6	0.232619	0
6.7	0.233364	0
6.8	0.234092	0
6.9	0.234791	0
7	0.235451	0
7.1	0.236066	0
7.2	0.23663	0
7.3	0.23714	0
7.4	0.237593	0
7.5	0.237988	0
7.6	0.238327	0
7.7	0.23861	0
7.8	0.238842	0
7.9	0.239023	0
8	0.23916	0
8.1	0.239255	0
8.2	0.239313	0
8.3	0.239339	0
8.4	0.239337	0
8.5	0.239311	0
8.6	0.239267	0
8.7	0.239207	0
8.8	0.239135	0
8.9	0.239056	0
9	0.238971	0
9.1	0.238884	0
9.2	0.238796	0
9.3	0.238709	0
9.4	0.238625	0
9.5	0.238545	0
9.6	0.23847	0
9.7	0.238399	0
9.8	0.238335	0
9.9	0.238276	0
10	0.238224	0
10.1	0.238176	0
10.2	0.238134	0
10.3	0.238097	0
10.4	0.238064	0
10.5	0.238036	0
10.6	0.238011	0
10.7	0.237989	0
10.8	0.23797	0
10.9	0.237954	0
11	0.237939	0
11.1	0.237927	0
11.2	0.237916	0
11.3	0.237907	0
11.4	0.237898	0
11.5	0.237891	0
11.6	0.237885	0
11.7	0.23788	0
11.8	0.237876	0
11.9	0.237873	0
12	0.23787	0
12.1	0.237869	0
12.2	0.237868	0
12.3	0.237869	0
12.4	0.23787	0
12.5	0.237872	0
12.6	0.237875	0
12.7	0.237879	0
12.8	0.237883	0
12.9	0.237888	0
13	0.237894	0
13.1	0.2379	0
13.2	0.237907	0
13.3	0.237914	0
13.4	0.237921	0
13.5	0.237929	0
13.6	0.237936	0
13.7	0.237943	0
13.8	0.23795	0
13.9	0.237957	0
14	0.237963	0
14.1	0.237969	0
14.2	0.237974	0
14.3	0.237979	0
14.4	0.237983	0
14.5	0.237987	0
14.6	0.237989	0
14.7	0.237992	0
14.8	0.237993	0
14.9	0.237994	0
15	0.237994	0
15.1	0.237994	0
15.2	0.237993	0
15.3	0.237992	0
15.4	0.237991	0
15.5	0.237989	0
15.6	0.237987	0
15.7	0.237985	0
15.8	0.237983	0
15.9	0.23798	0
16	0.237978	0
16.1	0.237975	0
16.2	0.237973	0
16.3	0.237971	0
16.4	0.237969	0
16.5	0.237967	0
16.6	0.237966	0
16.7	0.237965	0
16.8	0.237964	0
16.9	0.237963	0
17	0.237962	0
17.1	0.237962	0
17.2	0.237962	0
17.3	0.237962	0
17.4	0.237962	0
17.5	0.237962	0
17.6	0.237963	0
17.7	0.237963	0
17.8	0.237964	0
17.9	0.237965	0
18	0.237965	0
18.1	0.237966	0
18.2	0.237967	0
18.3	0.237968	0
18.4	0.237969	0
18.5	0.237969	0
18.6	0.23797	0
18.7	0.23797	0
18.8	0.237971	0
18.9	0.237971	0
19	0.237972	0
19.1	0.237972	0
19.2	0.237972	0
19.3	0.237972	0
19.4	0.237972	0
19.5	0.237972	0
19.6	0.237972	0
19.7	0.237972	0
19.8	0.237971	0
19.9	0.237971	0
20	0.237971	0
20.1	0.237971	0
20.2	0.23797	0
20.3	0.23797	0
20.4	0.237969	0
20.5	0.237969	0
20.6	0.237969	0
20.7	0.237968	0
20.8	0.237968	0
20.9	0.237968	0
21	0.237968	0
21.1	0.237968	0
21.2	0.237967	0
21.3	0.237967	0
21.4	0.237967	0
21.5	0.237967	0
21.6	0.237967	0
21.7	0.237967	0
21.8	0.237967	0
21.9	0.237967	0
22	0.237967	0
22.1	0.237967	0
22.2	0.237967	0
22.3	0.237967	0
22.4	0.237967	0
22.5	0.237968	0
22.6	0.237968	0
22.7	0.237968	0
22.8	0.237968	0
22.9	0.237968	0
23	0.237968	0
23.1	0.237968	0
23.2	0.237968	0
23.3	0.237968	0
23.4	0.237968	0
23.5	0.237969	0
23.6	0.237969	0
23.7	0.237969	0
23.8	0.237969	0
23.9	0.237969	0
24	0.237969	0
24.1	0.237969	0
24.2	0.237969	0
24.3	0.237969	0
24.4	0.237969	0
24.5	0.237969	0
24.6	0.237969	0
24.7	0.237969	0
24.8	0.237969	0
24.9	0.237969	0
25	-0.232574	0
25.1	-0.717036	0
25.2	-1.10055	0
25.3	-1.36436	0
25.4	-1.52611	0
25.5	-1.61222	0
25.6	-1.64666	0
25.7	-1.64778	0
25.8	-1.62833	0
25.9	-1.59665	0
26	-1.55797	0
26.1	-1.51547	0
26.2	-1.47106	0
26.3	-1.42587	0
26.4	-1.3806	0
26.5	-1.33568	0
26.6	-1.29141	0
26.7	-1.24797	0
26.8	-1.20552	0
26.9	-1.16414	0
27	-1.12393	0
27.1	-1.08495	0
27.2	-1.04723	0
27.3	-1.01083	0
27.4	-0.975779	0
27.5	-0.942106	0
27.6	-0.909846	0
27.7	-0.879034	0
27.8	-0.849703	0
27.9	-0.821891	0
28	-0.795634	0
28.1	-0.77097	0
28.2	-0.747932	0
28.3	-0.72655	0
28.4	-0.70685	0
28.5	-0.688846	0
28.6	-0.672541	0
28.7	-0.657924	0
28.8	-0.644968	0
28.9	-0.63363	0
29	-0.623846	0
29.1	-0.615533	0
29.2	-0.608592	0
29.3	-0.602905	0
29.4	-0.598339	0
29.5	-0.594748	0
29.6	-0.591973	0
29.7	-0.58985	0
29.8	-0.588207	0
29.9	-0.586873	0
30	-0.585677	0
30.1	-0.584453	0
30.2	-0.583044	0
30.3	-0.581306	0
30.4	-0.579111	0
30.5	-0.576352	0
30.6	-0.572942	0
30.7	-0.568825	0
30.8	-0.563971	0
30.9	-0.55838	0
31	-0.55208	0
31.1	-0.545123	0
31.2	-0.537582	0
31.3	-0.52954	0
31.4	-0.521087	0
31.5	-0.512309	0
31.6	-0.503283	0
31.7	-0.494073	0
31.8	-0.484727	0
31.9	-0.475279	0
32	-0.465748	0
32.1	-0.456145	0
32.2	-0.446477	0
32.3	-0.436751	0
32.4	-0.426979	0
32.5	-0.41718	0
32.6	-0.407385	0
32.7	-0.397633	0
32.8	-0.387977	0
32.9	-0.378477	0
33	-0.369201	0
33.1	-0.360225	0
33.2	-0.351623	0
33.3	-0.343473	0
33.4	-0.335847	0
33.5	-0.328812	0
33.6	-0.322423	0
33.7	-0.316727	0
33.8	-0.311754	0
33.9	-0.307524	0
34	-0.304039	0
34.1	-0.301289	0
34.2	-0.299246	0
34.3	-0.297874	0
34.4	-0.297122	0
34.5	-0.296932	0
34.6	-0.297236	0
34.7	-0.297962	0
34.8	-0.299036	0
34.9	-0.300382	0
35	-0.301928	0
35.1	-0.303603	0
35.2	-0.305342	0
35.3	-0.307089	0
35.4	-0.308794	0
35.5	-0.310415	0
35.6	-0.311922	0
35.7	-0.313289	0
35.8	-0.314503	0
35.9	-0.315555	0
36	-0.316445	0
36.1	-0.317176	0
36.2	-0.317757	0
36.3	-0.3182	0
36.4	-0.318518	0
36.5	-0.318725	0
36.6	-0.318836	0
36.7	-0.318863	0
36.8	-0.318819	0
36.9	-0.318714	0
37	-0.318555	0
37.1	-0.318349	0
37.2	-0.318099	0
37.3	-0.317807	0
37.4	-0.317475	0
37.5	-0.3171	0
37.6	-0.316684	0
37.7	-0.316224	0
37.8	-0.315719	0
37.9	-0.315169	0
38	-0.314574	0
38.1	-0.313936	0
38.2	-0.313257	0
38.3	-0.312541	0
38.4	-0.311795	0
38.5	-0.311025	0
38.6	-0.310241	0
38.7	-0.30945	0
38.8	-0.308665	0
38.9	-0.307895	0
39	-0.307153	0
39.1	-0.30645	0
39.2	-0.305795	0
39.3	-0.3052	0
39.4	-0.304673	0
39.5	-0.304221	0
39.6	-0.30385	0
39.7	-0.303564	0
39.8	-0.303365	0
39.9	-0.303252	0
40	-0.303224	0
40.1	-0.303276	0
40.2	-0.303403	0
40.3	-0.303596	0
40.4	-0.303848	0
40.5	-0.304149	0
40.6	-0.304487	0
40.7	-0.304852	0
40.8	-0.305231	0
40.9	-0.305615	0
41	-0.305991	0
41.1	-0.306351	0
41.2	-0.306685	0
41.3	-0.306984	0
41.4	-0.307243	0
41.5	-0.307457	0
41.6	-0.307621	0
41.7	-0.307733	0
41.8	-0.307794	0
41.9	-0.307803	0
42	-0.307763	0
42.1	-0.307677	0
42.2	-0.307551	0
42.3	-0.307388	0
42.4	-0.307195	0
42.5	-0.306979	0
42.6	-0.306746	0
42.7	-0.306502	0
42.8	-0.306255	0
42.9	-0.306011	0
43	-0.305775	0
43.1	-0.305553	0
43.2	-0.305348	0
43.3	-0.305165	0
43.4	-0.305007	0
43.5	-0.304875	0
43.6	-0.30477	0
43.7	-0.304693	0
43.8	-0.304643	0
43.9	-0.304619	0
44	-0.304619	0
44.1	-0.304641	0
44.2	-0.304681	0
44.3	-0.304737	0
44.4	-0.304806	0
44.5	-0.304883	0
44.6	-0.304967	0
44.7	-0.305052	0
44.8	-0.305138	0
44.9	-0.30522	0
45	-0.305297	0
45.1	-0.305367	0
45.2	-0.305427	0
45.3	-0.305478	0
45.4	-0.305517	0
45.5	-0.305545	0
45.6	-0.305563	0
45.7	-0.305569	0
45.8	-0.305566	0
45.9	-0.305554	0
46	-0.305535	0
46.1	-0.305509	0
46.2	-0.305479	0
46.3	-0.305445	0
46.4	-0.30541	0
46.5	-0.305374	0
46.6	-0.30534	0
46.7	-0.305308	0
46.8	-0.305279	0
46.9	-0.305255	0
47	-0.305236	0
47.1	-0.305222	0
47.2	-0.305213	0
47.3	-0.305211	0
47.4	-0.305213	0
47.5	-0.305221	0
47.6	-0.305233	0
47.7	-0.30525	0
47.8	-0.305269	0
47.9	-0.305291	0
48	-0.305315	0
48.1	-0.305339	0
48.2	-0.305363	0
48.3	-0.305387	0
48.4	-0.305409	0
48.5	-0.305428	0
48.6	-0.305445	0
48.7	-0.305458	0
48.8	-0.305468	0
48.9	-0.305474	0
49	-0.305475	0
49.1	-0.305473	0
49.2	-0.305467	0
49.3	-0.305458	0
49.4	-0.305445	0
49.5	-0.30543	0
49.6	-0.305412	0
49.7	-0.305392	0
49.8	-0.305371	0
49.9	-0.305348	0
50	0.165223	0
50.1	0.64974	0
50.2	1.03337	0
50.3	1.29741	0
50.4	1.45961	0
50.5	1.54647	0
50.6	1.58212	0
50.7	1.58509	0
50.8	1.5683	0
50.9	1.5403	0
51	1.50651	0
51.1	1.47032	0
51.2	1.43383	0
51.3	1.39833	0
51.4	1.36467	0
51.5	1.3334	0
51.6	1.3049	0
51.7	1.27943	0
51.8	1.25715	0
51.9	1.23817	0
52	1.22252	0
52.1	1.21019	0
52.2	1.20113	0
52.3	1.19524	0
52.4	1.1924	0
52.5	1.19245	0
52.6	1.19523	0
52.7	1.20054	0
52.8	1.20818	0
52.9	1.21793	0
53	1.22957	0
53.1	1.24289	0
53.2	1.25767	0
53.3	1.27368	0
53.4	1.29071	0
53.5	1.30857	0
53.6	1.32705	0
53.7	1.34596	0
53.8	1.36515	0
53.9	1.38445	0
54	1.40371	0
54.1	1.42282	0
54.2	1.44165	0
54.3	1.46011	0
54.4	1.47812	0
54.5	1.49561	0
54.6	1.51254	0
54.7	1.52887	0
54.8	1.54457	0
54.9	1.55965	0
55	1.5741	0
55.1	1.58794	0
55.2	1.60119	0
55.3	1.61388	0
55.4	1.62605	0
55.5	1.63775	0
55.6	1.64902	0
55.7	1.65991	0
55.8	1.67047	0
55.9	1.68075	0
56	1.69081	0
56.1	1.70068	0
56.2	1.71042	0
56.3	1.72007	0
56.4	1.72964	0
56.5	1.73917	0
56.6	1.74868	0
56.7	1.75817	0
56.8	1.76764	0
56.9	1.77706	0
57	1.78641	0
57.1	1.79563	0
57.2	1.80466	0
57.3	1.81342	0
57.4	1.82179	0
57.5	1.82965	0
57.6	1.83683	0
57.7	1.84316	0
57.8	1.8484	0
57.9	1.85232	0
58	1.85462	0
58.1	1.85499	0
58.2	1.85307	0
58.3	1.84847	0
58.4	1.84075	0
58.5	1.82946	0
58.6	1.8141	0
58.7	1.79415	0
58.8	1.7691	0
58.9	1.7384	0
59	1.70153	0
59.1	1.65802	0
59.2	1.60743	0
59.3	1.54942	0
59.4	1.48379	0
59.5	1.41049	0
59.6	1.32968	0
59.7	1.24179	0
59.8	1.14753	0
59.9	1.0479	0
60	0.944233	0
60.1	0.8381	0
60.2	0.7313	0
60.3	0.625744	0
60.4	0.523359	0
60.5	0.425975	0
60.6	0.335229	0
60.7	0.252484	0
60.8	0.178787	0
60.9	0.114845	0
61	0.0610312	0
61.1	0.0174122	0
61.2	-0.0162144	0
61.3	-0.0402752	0
61.4	-0.0553756	0
61.5	-0.0622553	0
61.6	-0.0617488	0
61.7	-0.0547501	0
61.8	-0.0421838	0
61.9	-0.0249797	0
62	-0.00405289	0
62.1	0.0197129	0
62.2	0.0454786	0
62.3	0.0724605	0
62.4	0.0999388	0
62.5	0.127264	0
62.6	0.153863	0
62.7	0.179241	0
62.8	0.202983	0
62.9	0.224755	0
63	0.244304	0
63.1	0.261454	0
63.2	0.276099	0
63.3	0.288204	0
63.4	0.297793	0
63.5	0.304946	0
63.6	0.30979	0
63.7	0.312487	0
63.8	0.313234	0
63.9	0.312247	0
64	0.309758	0
64.1	0.306005	0
64.2	0.301229	0
64.3	0.295662	0
64.4	0.28953	0
64.5	0.283042	0
64.6	0.27639	0
64.7	0.269745	0
64.8	0.263257	0
64.9	0.257053	0
65	0.251238	0
65.1	0.245892	0
65.2	0.241076	0
65.3	0.23683	0
65.4	0.233174	0
65.5	0.230113	0
65.6	0.227635	0
65.7	0.225719	0
65.8	0.224332	0
65.9	0.223431	0
66	0.222971	0
66.1	0.222899	0
66.2	0.223163	0
66.3	0.223709	0
66.4	0.224483	0
66.5	0.225436	0
66.6	0.226518	0
66.7	0.227686	0
66.8	0.228899	0
66.9	0.230124	0
67	0.231328	0
67.1	0.232488	0
67.2	0.233582	0
67.3	0.234596	0
67.4	0.235518	0
67.5	0.236341	0
67.6	0.237061	0
67.7	0.237679	0
67.8	0.238195	0
67.9	0.238616	0
68	0.238946	0
68.1	0.239195	0
68.2	0.23937	0
68.3	0.23948	0
68.4	0.239535	0
68.5	0.239544	0
68.6	0.239516	0
68.7	0.239459	0
68.8	0.239381	0
68.9	0.239288	0
69	0.239187	0
69.1	0.239082	0
69.2	0.238978	0
69.3	0.238878	0
69.4	0.238785	0
69.5	0.238699	0
69.6	0.238623	0
69.7	0.238557	0
69.8	0.2385	0
69.9	0.238451	0
70	0.238412	0
70.1	0.238379	0
70.2	0.238352	0
70.3	0.23833	0
70.4	0.238312	0
70.5	0.238295	0
70.6	0.23828	0
70.7	0.238265	0
70.8	0.23825	0
70.9	0.238233	0
71	0.238214	0
71.1	0.238193	0
71.2	0.23817	0
71.3	0.238145	0
71.4	0.238118	0
71.5	0.23809	0
71.6	0.23806	0
71.7	0.238029	0
71.8	0.237998	0
71.9	0.237967	0
72	0.237936	0
72.1	0.237907	0
72.2	0.23788	0
72.3	0.237855	0
72.4	0.237832	0
72.5	0.237812	0
72.6	0.237795	0
72.7	0.237782	0
72.8	0.237772	0
72.9	0.237765	0
73	0.237762	0
73.1	0.237762	0
73.2	0.237765	0
73.3	0.23777	0
73.4	0.237778	0
73.5	0.237789	0
73.6	0.237801	0
73.7	0.237814	0
73.8	0.237829	0
73.9	0.237845	0
74	0.237861	0
74.1	0.237878	0
74.2	0.237894	0
74.3	0.23791	0
74.4	0.237925	0
74.5	0.237939	0
74.6	0.237952	0
74.7	0.237965	0
74.8	0.237975	0
74.9	0.237985	0
75	-0.232549	0
75.1	-0.717005	0
75.2	-1.10051	0
75.3	-1.36431	0
75.4	-1.52607	0
75.5	-1.61217	0
75.6	-1.64661	0
75.7	-1.64773	0
75.8	-1.62828	0
75.9	-1.5966	0
76	-1.55793	0
76.1	-1.51543	0
76.2	-1.47102	0
76.3	-1.42583	0
76.4	-1.38057	0
76.5	-1.33565	0
76.6	-1.29138	0
76.7	-1.24795	0
76.8	-1.20549	0
76.9	-1.16412	0
77	-1.12392	0
77.1	-1.08493	0
77.2	-1.04722	0
77.3	-1.01082	0
77.4	-0.975765	0
77.5	-0.942092	0
77.6	-0.909832	0
77.7	-0.879019	0
77.8	-0.849688	0
77.9	-0.821874	0
78	-0.795616	0
78.1	-0.77095	0
78.2	-0.74791	0
78.3	-0.726527	0
78.4	-0.706825	0
78.5	-0.688819	0
78.6	-0.672512	0
78.7	-0.657894	0
78.8	-0.644937	0
78.9	-0.633598	0
79	-0.623812	0
79.1	-0.615499	0
79.2	-0.608557	0
79.3	-0.60287	0
79.4	-0.598304	0
79.5	-0.594712	0
79.6	-0.591937	0
79.7	-0.589813	0
79.8	-0.58817	0
79.9	-0.586836	0
80	-0.585639	0
80.1	-0.584414	0
80.2	-0.583005	0
80.3	-0.581266	0
80.4	-0.57907	0
80.5	-0.576308	0
80.6	-0.572897	0
80.7	-0.568778	0
80.8	-0.563921	0
80.9	-0.558328	0
81	-0.552026	0
81.1	-0.545067	0
81.2	-0.537524	0
81.3	-0.52948	0
81.4	-0.521026	0
81.5	-0.512246	0
81.6	-0.503218	0
81.7	-0.494007	0
81.8	-0.48466	0
81.9	-0.475209	0
82	-0.465676	0
82.1	-0.456072	0
82.2	-0.446401	0
82.3	-0.436673	0
82.4	-0.426898	0
82.5	-0.417097	0
82.6	-0.407299	0
82.7	-0.397546	0
82.8	-0.387888	0
82.9	-0.378386	0
83	-0.36911	0
83.1	-0.360133	0
83.2	-0.351532	0
83.3	-0.343383	0
83.4	-0.335759	0
83.5	-0.328725	0
83.6	-0.322339	0
83.7	-0.316645	0
83.8	-0.311675	0
83.9	-0.307448	0
84	-0.303966	0
84.1	-0.301217	0
84.2	-0.299177	0
84.3	-0.297807	0
84.4	-0.297056	0
84.5	-0.296866	0
84.6	-0.29717	0
84.7	-0.297895	0
84.8	-0.298968	0
84.9	-0.300313	0
85	-0.301856	0
85.1	-0.303528	0
85.2	-0.305265	0
85.3	-0.307009	0
85.4	-0.30871	0
85.5	-0.310329	0
85.6	-0.311832	0
85.7	-0.313197	0
85.8	-0.314408	0
85.9	-0.315459	0
86	-0.316347	0
86.1	-0.317077	0
86.2	-0.317658	0
86.3	-0.3181	0
86.4	-0.318419	0
86.5	-0.318627	0
86.6	-0.318739	0
86.7	-0.318768	0
86.8	-0.318725	0
86.9	-0.318621	0
87	-0.318464	0
87.1	-0.318259	0
87.2	-0.31801	0
87.3	-0.317719	0
87.4	-0.317386	0
87.5	-0.317012	0
87.6	-0.316595	0
87.7	-0.316134	0
87.8	-0.315628	0
87.9	-0.315076	0
88	-0.314479	0
88.1	-0.313838	0
88.2	-0.313156	0
88.3	-0.312438	0
88.4	-0.31169	0
88.5	-0.310917	0
88.6	-0.31013	0
88.7	-0.309338	0
88.8	-0.308551	0
88.9	-0.30778	0
89	-0.307037	0
89.1	-0.306333	0
89.2	-0.30568	0
89.3	-0.305085	0
89.4	-0.304559	0
89.5	-0.304109	0
89.6	-0.303741	0
89.7	-0.303458	0
89.8	-0.303261	0
89.9	-0.303152	0
90	-0.303127	0
90.1	-0.303182	0
90.2	-0.303312	0
90.3	-0.303509	0
90.4	-0.303764	0
90.5	-0.304067	0
90.6	-0.304407	0
90.7	-0.304773	0
90.8	-0.305154	0
90.9	-0.305539	0
91	-0.305915	0
91.1	-0.306275	0
91.2	-0.306608	0
91.3	-0.306907	0
91.4	-0.307164	0
91.5	-0.307376	0
91.6	-0.307539	0
91.7	-0.30765	0
91.8	-0.307708	0
91.9	-0.307716	0
92	-0.307675	0
92.1	-0.307588	0
92.2	-0.307461	0
92.3	-0.307298	0
92.4	-0.307105	0
92.5	-0.306889	0
92.6	-0.306657	0
92.7	-0.306416	0
92.8	-0.306171	0
92.9	-0.305929	0
93	-0.305696	0
93.1	-0.305477	0
93.2	-0.305276	0
93.3	-0.305097	0
93.4	-0.304943	0
93.5	-0.304815	0
93.6	-0.304714	0
93.7	-0.304642	0
93.8	-0.304596	0
93.9	-0.304576	0
94	-0.30458	0
94.1	-0.304605	0
94.2	-0.304649	0
94.3	-0.304709	0
94.4	-0.304781	0
94.5	-0.304861	0
94.6	-0.304948	0
94.7	-0.305036	0
94.8	-0.305124	0
94.9	-0.305209	0
95	-0.305288	0
95.1	-0.30536	0
95.2	-0.305422	0
95.3	-0.305474	0
95.4	-0.305516	0
95.5	-0.305546	0
95.6	-0.305565	0
95.7	-0.305573	0
95.8	-0.305572	0
95.9	-0.305561	0
96	-0.305543	0
96.1	-0.305519	0
96.2	-0.305489	0
96.3	-0.305457	0
96.4	-0.305422	0
96.5	-0.305387	0
96.6	-0.305353	0
96.7	-0.305321	0
96.8	-0.305292	0
96.9	-0.305267	0
97	-0.305247	0
97.1	-0.305231	0
97.2	-0.305221	0
97.3	-0.305216	0
97.4	-0.305217	0
97.5	-0.305222	0
97.6	-0.305231	0
97.7	-0.305244	0
97.8	-0.305261	0
97.9	-0.305279	0
98	-0.305299	0
98.1	-0.30532	0
98.2	-0.305341	0
98.3	-0.305361	0
98.4	-0.30538	0
98.5	-0.305397	0
98.6	-0.305411	0
98.7	-0.305422	0
98.8	-0.30543	0
98.9	-0.305434	0
99	-0.305435	0
99.1	-0.305433	0
99.2	-0.305427	0
99.3	-0.305418	0
99.4	-0.305406	0
99.5	-0.305391	0
99.6	-0.305375	0
99.7	-0.305357	0
99.8	-0.305338	0
99.9	-0.305318	0
100	-0.305298	0
100.1	0.165271	0
100.2	0.649784	0
100.3	1.03341	0
100.4	1.29745	0
100.5	1.45964	0
100.6	1.54649	0
100.7	1.58215	0
100.8	1.5851	0
100.9	1.56831	0
101	1.5403	0
101.1	1.50652	0
101.2	1.47033	0
101.3	1.43383	0
101.4	1.39832	0
101.5	1.36466	0
101.6	1.33339	0
101.7	1.30489	0
101.8	1.27942	0
101.9	1.25715	0
102	1.23816	0
102.1	1.22252	0
102.2	1.21019	0
102.3	1.20113	0
102.4	1.19524	0
102.5	1.1924	0
102.6	1.19245	0
102.7	1.19523	0
102.8	1.20054	0
102.9	1.20818	0
103	1.21793	0
103.1	1.22958	0
103.2	1.2429	0
103.3	1.25768	0
103.4	1.27369	0
103.5	1.29073	0
103.6	1.30858	0
103.7	1.32706	0
103.8	1.34598	0
103.9	1.36517	0
104	1.38447	0
104.1	1.40373	0
104.2	1.42284	0
104.3	1.44167	0
104.4	1.46013	0
104.5	1.47814	0
104.6	1.49563	0
104.7	1.51256	0
104.8	1.52889	0
104.9	1.54459	0
105	1.55967	0
105.1	1.57412	0
105.2	1.58796	0
105.3	1.60121	0
105.4	1.6139	0
105.5	1.62607	0
105.6	1.63777	0
105.7	1.64904	0
105.8	1.65993	0
105.9	1.67049	0
106	1.68077	0
106.1	1.69083	0
106.2	1.7007	0
106.3	1.71044	0
106.4	1.72009	0
106.5	1.72966	0
106.6	1.7392	0
106.7	1.7487	0
106.8	1.75819	0
106.9	1.76766	0
107	1.77708	0
107.1	1.78643	0
107.2	1.79565	0
107.3	1.80469	0
107.4	1.81344	0
107.5	1.82182	0
107.6	1.82967	0
107.7	1.83685	0
107.8	1.84317	0
107.9	1.84842	0
108	1.85233	0
108.1	1.85463	0
108.2	1.855	0
108.3	1.85307	0
108.4	1.84847	0
108.5	1.84074	0
108.6	1.82944	0
108.7	1.81408	0
108.8	1.79413	0
108.9	1.76906	0
109	1.73835	0
109.1	1.70148	0
109.2	1.65795	0
109.3	1.60735	0
109.4	1.54933	0
109.5	1.48368	0
109.6	1.41037	0
109.7	1.32955	0
109.8	1.24165	0
109.9	1.14738	0
110	1.04774	0
110.1	0.944064	0
110.2	0.837928	0
110.3	0.731128	0
110.4	0.625575	0
110.5	0.523197	0
110.6	0.425822	0
110.7	0.335087	0
110.8	0.252357	0
110.9	0.178676	0
111	0.11475	0
111.1	0.0609533	0
111.2	0.0173512	0
111.3	-0.0162589	0
111.4	-0.0403042	0
111.5	-0.05539	0
111.6	-0.0622565	0
111.7	-0.0617382	0
111.8	-0.0547293	0
111.9	-0.0421543	0
112	-0.0249431	0
112.1	-0.00401059	0
112.2	0.0197594	0
112.3	0.0455279	0
112.4	0.0725114	0
112.5	0.0999901	0
112.6	0.127315	0
112.7	0.153912	0
112.8	0.179288	0
112.9	0.203026	0
113	0.224795	0
113.1	0.244341	0
113.2	0.261486	0
113.3	0.276127	0
113.4	0.288227	0
113.5	0.297813	0
113.6	0.304962	0
113.7	0.309802	0
113.8	0.312496	0
113.9	0.313239	0
114	0.31225	0
114.1	0.309758	0
114.2	0.306003	0
114.3	0.301225	0
114.4	0.295657	0
114.5	0.289524	0
114.6	0.283035	0
114.7	0.276383	0
114.8	0.269738	0
114.9	0.26325	0
115	0.257046	0
115.1	0.251232	0
115.2	0.245887	0
115.3	0.241072	0
115.4	0.236826	0
115.5	0.233171	0
115.6	0.230111	0
115.7	0.227634	0
115.8	0.225719	0
115.9	0.224332	0
116	0.223432	0
116.1	0.222972	0
116.2	0.2229	0
116.3	0.223165	0
116.4	0.223711	0
116.5	0.224486	0
116.6	0.225438	0
116.7	0.22652	0
116.8	0.227688	0
116.9	0.228902	0
117	0.230126	0
117.1	0.23133	0
117.2	0.232489	0
117.3	0.233584	0
117.4	0.234597	0
117.5	0.235519	0
117.6	0.236342	0
117.7	0.237061	0
117.8	0.237678	0
117.9	0.238195	0
118	0.238615	0
118.1	0.238945	0
118.2	0.239193	0
118.3	0.239368	0
118.4	0.239478	0
118.5	0.239533	0
118.6	0.239542	0
118.7	0.239513	0
118.8	0.239456	0
118.9	0.239377	0
119	0.239284	0
119.1	0.239183	0
119.2	0.239078	0
119.3	0.238974	0
119.4	0.238874	0
119.5	0.23878	0
119.6	0.238695	0
119.7	0.238619	0
119.8	0.238552	0
119.9	0.238495	0
120	0.238446	0
120.1	0.238406	0
120.2	0.238373	0
120.3	0.238346	0
120.4	0.238324	0
120.5	0.238305	0
120.6	0.238289	0
120.7	0.238274	0
120.8	0.238258	0
120.9	0.238243	0
121	0.238226	0
121.1	0.238207	0
121.2	0.238186	0
121.3	0.238163	0
121.4	0.238138	0
121.5	0.238111	0
121.6	0.238082	0
121.7	0.238051	0
121.8	0.23802	0
121.9	0.237989	0
122	0.237958	0
122.1	0.237927	0
122.2	0.237898	0
122.3	0.23787	0
122.4	0.237845	0
122.5	0.237822	0
122.6	0.237802	0
122.7	0.237785	0
122.8	0.237772	0
122.9	0.237762	0
123	0.237755	0
123.1	0.237751	0
123.2	0.237751	0
123.3	0.237754	0
123.4	0.237759	0
123.5	0.237767	0
123.6	0.237777	0
123.7	0.237789	0
123.8	0.237803	0
123.9	0.237817	0
124	0.237833	0
124.1	0.237849	0
124.2	0.237865	0
124.3	0.237881	0
124.4	0.237897	0
124.5	0.237912	0
124.6	0.237926	0
124.7	0.237939	0
124.8	0.237951	0
124.9	0.237962	0
125	0.237971	0
125.1	-0.232563	0
125.2	-0.717019	0
125.3	-1.10053	0
125.4	-1.36433	0
125.5	-1.52608	0
125.6	-1.61219	0
125.7	-1.64663	0
125.8	-1.64775	0
125.9	-1.6283	0
126	-1.59662	0
126.1	-1.55794	0
126.2	-1.51545	0
126.3	-1.47104	0
126.4	-1.42585	0
126.5	-1.38058	0
126.6	-1.33567	0
126.7	-1.2914	0
126.8	-1.24797	0
126.9	-1.20552	0
127	-1.16415	0
127.1	-1.12394	0
127.2	-1.08496	0
127.3	-1.04725	0
127.4	-1.01085	0
127.5	-0.975795	0
127.6	-0.942124	0
127.7	-0.909866	0
127.8	-0.879055	0
127.9	-0.849726	0
128	-0.821915	0
128.1	-0.795659	0
128.2	-0.770996	0
128.3	-0.747958	0
128.4	-0.726578	0
128.5	-0.706879	0
128.6	-0.688875	0
128.7	-0.672571	0
128.8	-0.657955	0
128.9	-0.645	0
129	-0.633663	0
129.1	-0.62388	0
129.2	-0.615569	0
129.3	-0.60863	0
129.4	-0.602945	0
129.5	-0.598381	0
129.6	-0.594791	0
129.7	-0.592019	0
129.8	-0.589899	0
129.9	-0.58826	0
130	-0.58693	0
130.1	-0.585737	0
130.2	-0.584518	0
130.3	-0.583114	0
130.4	-0.581381	0
130.5	-0.579192	0
130.6	-0.576437	0
130.7	-0.573033	0
130.8	-0.568922	0
130.9	-0.564073	0
131	-0.558486	0
131.1	-0.552191	0
131.2	-0.545237	0
131.3	-0.537698	0
131.4	-0.529658	0
131.5	-0.521206	0
131.6	-0.512428	0
131.7	-0.503402	0
131.8	-0.494191	0
131.9	-0.484844	0
132	-0.475395	0
132.1	-0.465862	0
132.2	-0.456259	0
132.3	-0.446591	0
132.4	-0.436864	0
132.5	-0.427092	0
132.6	-0.417293	0
132.7	-0.407497	0
132.8	-0.397745	0
132.9	-0.388088	0
133	-0.378587	0
133.1	-0.36931	0
133.2	-0.360331	0
133.3	-0.351726	0
133.4	-0.343572	0
133.5	-0.335942	0
133.6	-0.328902	0
133.7	-0.322508	0
133.8	-0.316806	0
133.9	-0.311827	0
134	-0.307591	0
134.1	-0.3041	0
134.2	-0.301344	0
134.3	-0.299296	0
134.4	-0.297919	0
134.5	-0.297162	0
134.6	-0.296967	0
134.7	-0.297268	0
134.8	-0.297991	0
134.9	-0.299063	0
135	-0.300408	0
135.1	-0.301953	0
135.2	-0.303627	0
135.3	-0.305366	0
135.4	-0.307114	0
135.5	-0.308819	0
135.6	-0.310442	0
135.7	-0.311949	0
135.8	-0.313317	0
135.9	-0.314532	0
136	-0.315585	0
136.1	-0.316475	0
136.2	-0.317206	0
136.3	-0.317787	0
136.4	-0.31823	0
136.5	-0.318547	0
136.6	-0.318754	0
136.7	-0.318864	0
136.8	-0.31889	0
136.9	-0.318846	0
137	-0.31874	0
137.1	-0.31858	0
137.2	-0.318373	0
137.3	-0.318122	0
137.4	-0.31783	0
137.5	-0.317498	0
137.6	-0.317124	0
137.7	-0.316708	0
137.8	-0.316248	0
137.9	-0.315744	0
138	-0.315195	0
138.1	-0.314601	0
138.2	-0.313964	0
138.3	-0.313286	0
138.4	-0.312572	0
138.5	-0.311827	0
138.6	-0.311059	0
138.7	-0.310275	0
138.8	-0.309485	0
138.9	-0.3087	0
139	-0.307931	0
139.1	-0.307189	0
139.2	-0.306485	0
139.3	-0.30583	0
139.4	-0.305234	0
139.5	-0.304706	0
139.6	-0.304252	0
139.7	-0.30388	0
139.8	-0.303592	0
139.9	-0.303391	0
140	-0.303277	0
140.1	-0.303247	0
140.2	-0.303297	0
140.3	-0.303422	0
140.4	-0.303614	0
140.5	-0.303865	0
140.6	-0.304164	0
140.7	-0.304502	0
140.8	-0.304866	0
140.9	-0.305245	0
141	-0.305628	0
141.1	-0.306005	0
141.2	-0.306365	0
141.3	-0.306699	0
141.4	-0.307	0
141.5	-0.30726	0
141.6	-0.307474	0
141.7	-0.307639	0
141.8	-0.307753	0
141.9	-0.307814	0
142	-0.307825	0
142.1	-0.307786	0
142.2	-0.307701	0
142.3	-0.307575	0
142.4	-0.307413	0
142.5	-0.30722	0
142.6	-0.307004	0
142.7	-0.306771	0
142.8	-0.306527	0
142.9	-0.30628	0
143	-0.306035	0
143.1	-0.305798	0
143.2	-0.305574	0
143.3	-0.305369	0
143.4	-0.305185	0
143.5	-0.305025	0
143.6	-0.304891	0
143.7	-0.304785	0
143.8	-0.304707	0
143.9	-0.304656	0
144	-0.30463	0
144.1	-0.304629	0
144.2	-0.304649	0
144.3	-0.304689	0
144.4	-0.304744	0
144.5	-0.304812	0
144.6	-0.304889	0
144.7	-0.304971	0
144.8	-0.305057	0
144.9	-0.305142	0
145	-0.305224	0
145.1	-0.305301	0
145.2	-0.30537	0
145.3	-0.305431	0
145.4	-0.305481	0
145.5	-0.30552	0
145.6	-0.305549	0
145.7	-0.305566	0
145.8	-0.305573	0
145.9	-0.30557	0
146	-0.305558	0
146.1	-0.305538	0
146.2	-0.305512	0
146.3	-0.305482	0
146.4	-0.305448	0
146.5	-0.305413	0
146.6	-0.305377	0
146.7	-0.305343	0
146.8	-0.305311	0
146.9	-0.305283	0
147	-0.305259	0
147.1	-0.30524	0
147.2	-0.305226	0
147.3	-0.305218	0
147.4	-0.305216	0
147.5	-0.305219	0
147.6	-0.305228	0
147.7	-0.305241	0
147.8	-0.305258	0
147.9	-0.305278	0
148	-0.305301	0
148.1	-0.305326	0
148.2	-0.305351	0
148.3	-0.305377	0
148.4	-0.305401	0
148.5	-0.305424	0
148.6	-0.305444	0
148.7	-0.305461	0
148.8	-0.305475	0
148.9	-0.305486	0
149	-0.305492	0
149.1	-0.305495	0
149.2	-0.305493	0
149.3	-0.305487	0
149.4	-0.305478	0
149.5	-0.305465	0
149.6	-0.30545	0
149.7	-0.305431	0
149.8	-0.305411	0
149.9	-0.30539	0
150	-0.305367	0
150.1	0.165205	0
150.2	0.649722	0
150.3	1.03335	0
150.4	1.29739	0
150.5	1.45959	0
150.6	1.54645	0
150.7	1.58211	0
150.8	1.58507	0
150.9	1.56828	0
151	1.54028	0
151.1	1.5065	0
151.2	1.47031	0
151.3	1.43381	0
151.4	1.39831	0
151.5	1.36465	0
151.6	1.33339	0
151.7	1.30489	0
151.8	1.27942	0
151.9	1.25714	0
152	1.23816	0
152.1	1.22251	0
152.2	1.21018	0
152.3	1.20112	0
152.4	1.19523	0
152.5	1.19239	0
152.6	1.19244	0
152.7	1.19522	0
152.8	1.20052	0
152.9	1.20816	0
153	1.21791	0
153.1	1.22956	0
153.2	1.24288	0
153.3	1.25765	0
153.4	1.27366	0
153.5	1.29069	0
153.6	1.30855	0
153.7	1.32703	0
153.8	1.34595	0
153.9	1.36513	0
154	1.38443	0
154.1	1.40369	0
154.2	1.4228	0
154.3	1.44163	0
154.4	1.46009	0
154.5	1.47809	0
154.6	1.49559	0
154.7	1.51251	0
154.8	1.52884	0
154.9	1.54455	0
155	1.55962	0
155.1	1.57407	0
155.2	1.58791	0
155.3	1.60116	0
155.4	1.61385	0
155.5	1.62602	0
155.6	1.63772	0
155.7	1.64898	0
155.8	1.65987	0
155.9	1.67043	0
156	1.68071	0
156.1	1.69077	0
156.2	1.70064	0
156.3	1.71038	0
156.4	1.72002	0
156.5	1.7296	0
156.6	1.73913	0
156.7	1.74864	0
156.8	1.75813	0
156.9	1.76759	0
157	1.77701	0
157.1	1.78636	0
157.2	1.79558	0
157.3	1.80462	0
157.4	1.81337	0
157.5	1.82175	0
157.6	1.82961	0
157.7	1.83679	0
157.8	1.84312	0
157.9	1.84836	0
158	1.85228	0
158.1	1.85459	0
158.2	1.85497	0
158.3	1.85306	0
158.4	1.84846	0
158.5	1.84076	0
158.6	1.82948	0
158.7	1.81413	0
158.8	1.7942	0
158.9	1.76917	0
159	1.73849	0
159.1	1.70164	0
159.2	1.65815	0
159.3	1.60758	0
159.4	1.5496	0
159.5	1.484	0
159.6	1.41072	0
159.7	1.32994	0
159.8	1.24207	0
159.9	1.14783	0
160	1.04822	0
160.1	0.944563	0
160.2	0.838437	0
160.3	0.731636	0
160.4	0.626074	0
160.5	0.523676	0
160.6	0.426273	0
160.7	0.335503	0
160.8	0.25273	0
160.9	0.179002	0
161	0.115027	0
161.1	0.0611793	0
161.2	0.0175265	0
161.3	-0.0161329	0
161.4	-0.0402249	0
161.5	-0.0553542	0
161.6	-0.0622602	0
161.7	-0.0617772	0
161.8	-0.054799	0
161.9	-0.0422502	0
162	-0.0250605	0
162.1	-0.00414502	0
162.2	0.0196123	0
162.3	0.0453721	0
162.4	0.0723507	0
162.5	0.0998279	0
162.6	0.127154	0
162.7	0.153756	0
162.8	0.179138	0
162.9	0.202885	0
163	0.224664	0
163.1	0.244221	0
163.2	0.261378	0
163.3	0.276031	0
163.4	0.288144	0
163.5	0.297741	0
163.6	0.304902	0
163.7	0.309752	0
163.8	0.312457	0
163.9	0.313209	0
164	0.312227	0
164.1	0.309743	0
164.2	0.305994	0
164.3	0.30122	0
164.4	0.295656	0
164.5	0.289525	0
164.6	0.283038	0
164.7	0.276385	0
164.8	0.26974	0
164.9	0.263251	0
165	0.257046	0
165.1	0.25123	0
165.2	0.245883	0
165.3	0.241065	0
165.4	0.236817	0
165.5	0.233159	0
165.6	0.230096	0
165.7	0.227617	0
165.8	0.225699	0
165.9	0.22431	0
166	0.223407	0
166.1	0.222946	0
166.2	0.222873	0
166.3	0.223136	0
166.4	0.223681	0
166.5	0.224455	0
166.6	0.225407	0
166.7	0.226489	0
166.8	0.227657	0
166.9	0.22887	0
167	0.230094	0
167.1	0.231299	0
167.2	0.232459	0
167.3	0.233554	0
167.4	0.234568	0
167.5	0.23549	0
167.6	0.236314	0
167.7	0.237034	0
167.8	0.237652	0
167.9	0.238169	0
168	0.238589	0
168.1	0.23892	0
168.2	0.239169	0
168.3	0.239344	0
168.4	0.239454	0
168.5	0.239509	0
168.6	0.239518	0
168.7	0.23949	0
168.8	0.239433	0
168.9	0.239354	0
169	0.239261	0
169.1	0.23916	0
169.2	0.239055	0
169.3	0.238951	0
169.4	0.238851	0
169.5	0.238757	0
169.6	0.238672	0
169.7	0.238595	0
169.8	0.238529	0
169.9	0.238471	0
170	0.238423	0
170.1	0.238383	0
170.2	0.23835	0
170.3	0.238323	0
170.4	0.238301	0
170.5	0.238282	0
170.6	0.238266	0
170.7	0.23825	0
170.8	0.238235	0
170.9	0.23822	0
171	0.238203	0
171.1	0.238184	0
171.2	0.238163	0
171.3	0.23814	0
171.4	0.238115	0
171.5	0.238088	0
171.6	0.238059	0
171.7	0.238029	0
171.8	0.237998	0
171.9	0.237967	0
172	0.237936	0
172.1	0.237905	0
172.2	0.237876	0
172.3	0.237848	0
172.4	0.237823	0
172.5	0.2378	0
172.6	0.237781	0
172.7	0.237764	0
172.8	0.23775	0
172.9	0.23774	0
173	0.237733	0
173.1	0.23773	0
173.2	0.23773	0
173.3	0.237732	0
173.4	0.237738	0
173.5	0.237746	0
173.6	0.237756	0
173.7	0.237768	0
173.8	0.237782	0
173.9	0.237797	0
174	0.237812	0
174.1	0.237828	0
174.2	0.237845	0
174.3	0.237861	0
174.4	0.237877	0
174.5	0.237892	0
174.6	0.237906	0
174.7	0.237919	0
174.8	0.237931	0
174.9	0.237942	0
175	0.237952	0
175.1	-0.232583	0
175.2	-0.717038	0
175.3	-1.10054	0
175.4	-1.36435	0
175.5	-1.5261	0
175.6	-1.61221	0
175.7	-1.64665	0
175.8	-1.64776	0
175.9	-1.62832	0
176	-1.59664	0
176.1	-1.55796	0
176.2	-1.51547	0
176.3	-1.47106	0
176.4	-1.42587	0
176.5	-1.3806	0
176.6	-1.33569	0
176.7	-1.29142	0
176.8	-1.24799	0
176.9	-1.20554	0
177	-1.16417	0
177.1	-1.12397	0
177.2	-1.08498	0
177.3	-1.04727	0
177.4	-1.01088	0
177.5	-0.975827	0
177.6	-0.942158	0
177.7	-0.909902	0
177.8	-0.879093	0
177.9	-0.849766	0
178	-0.821957	0
178.1	-0.795704	0
178.2	-0.771042	0
178.3	-0.748007	0
178.4	-0.726629	0
178.5	-0.706932	0
178.6	-0.688931	0
178.7	-0.672628	0
178.8	-0.658014	0
178.9	-0.645062	0
179	-0.633726	0
179.1	-0.623944	0
179.2	-0.615635	0
179.3	-0.608697	0
179.4	-0.603013	0
179.5	-0.598451	0
179.6	-0.594863	0
179.7	-0.592093	0
179.8	-0.589975	0
179.9	-0.588338	0
180	-0.58701	0
180.1	-0.58582	0
180.2	-0.584604	0
180.3	-0.583204	0
180.4	-0.581476	0
180.5	-0.579291	0
180.6	-0.576541	0
180.7	-0.573142	0
180.8	-0.569035	0
180.9	-0.564191	0
181	-0.55861	0
181.1	-0.552318	0
181.2	-0.545368	0
181.3	-0.537832	0
181.4	-0.529794	0
181.5	-0.521343	0
181.6	-0.512566	0
181.7	-0.503539	0
181.8	-0.494328	0
181.9	-0.484981	0
182	-0.475532	0
182.1	-0.466	0
182.2	-0.456396	0
182.3	-0.446729	0
182.4	-0.437004	0
182.5	-0.427233	0
182.6	-0.417435	0
182.7	-0.40764	0
182.8	-0.397889	0
182.9	-0.388232	0
183	-0.378731	0
183.1	-0.369452	0
183.2	-0.360471	0
183.3	-0.351863	0
183.4	-0.343706	0
183.5	-0.336071	0
183.6	-0.329025	0
183.7	-0.322625	0
183.8	-0.316916	0
183.9	-0.31193	0
184	-0.307687	0
184.1	-0.304189	0
184.2	-0.301426	0
184.3	-0.299371	0
184.4	-0.297988	0
184.5	-0.297226	0
184.6	-0.297027	0
184.7	-0.297324	0
184.8	-0.298045	0
184.9	-0.299115	0
185	-0.300459	0
185.1	-0.302004	0
185.2	-0.303679	0
185.3	-0.30542	0
185.4	-0.307169	0
185.5	-0.308877	0
185.6	-0.310502	0
185.7	-0.312011	0
185.8	-0.313382	0
185.9	-0.314599	0
186	-0.315654	0
186.1	-0.316545	0
186.2	-0.317277	0
186.3	-0.317859	0
186.4	-0.318302	0
186.5	-0.318619	0
186.6	-0.318826	0
186.7	-0.318935	0
186.8	-0.318961	0
186.9	-0.318915	0
187	-0.318808	0
187.1	-0.318647	0
187.2	-0.31844	0
187.3	-0.318189	0
187.4	-0.317897	0
187.5	-0.317564	0
187.6	-0.317191	0
187.7	-0.316776	0
187.8	-0.316318	0
187.9	-0.315816	0
188	-0.315269	0
188.1	-0.314678	0
188.2	-0.314043	0
188.3	-0.313369	0
188.4	-0.312657	0
188.5	-0.311915	0
188.6	-0.311149	0
188.7	-0.310368	0
188.8	-0.309581	0
188.9	-0.308797	0
189	-0.30803	0
189.1	-0.307288	0
189.2	-0.306585	0
189.3	-0.30593	0
189.4	-0.305333	0
189.5	-0.304803	0
189.6	-0.304348	0
189.7	-0.303973	0
189.8	-0.303683	0
189.9	-0.303479	0
190	-0.303361	0
190.1	-0.303328	0
190.2	-0.303375	0
190.3	-0.303497	0
190.4	-0.303687	0
190.5	-0.303935	0
190.6	-0.304232	0
190.7	-0.304568	0
190.8	-0.30493	0
190.9	-0.305309	0
191	-0.305692	0
191.1	-0.306069	0
191.2	-0.30643	0
191.3	-0.306765	0
191.4	-0.307067	0
191.5	-0.307329	0
191.6	-0.307546	0
191.7	-0.307713	0
191.8	-0.307829	0
191.9	-0.307893	0
192	-0.307906	0
192.1	-0.307869	0
192.2	-0.307787	0
192.3	-0.307662	0
192.4	-0.307501	0
192.5	-0.30731	0
192.6	-0.307094	0
192.7	-0.306861	0
192.8	-0.306617	0
192.9	-0.306368	0
193	-0.306121	0
193.1	-0.305883	0
193.2	-0.305657	0
193.3	-0.305448	0
193.4	-0.305261	0
193.5	-0.305098	0
193.6	-0.304961	0
193.7	-0.304851	0
193.8	-0.304768	0
193.9	-0.304713	0
194	-0.304683	0
194.1	-0.304678	0
194.2	-0.304694	0
194.3	-0.304729	0
194.4	-0.30478	0
194.5	-0.304844	0
194.6	-0.304918	0
194.7	-0.304997	0
194.8	-0.305079	0
194.9	-0.305161	0
195	-0.30524	0
195.1	-0.305314	0
195.2	-0.305381	0
195.3	-0.305438	0
195.4	-0.305486	0
195.5	-0.305523	0
195.6	-0.305549	0
195.7	-0.305564	0
195.8	-0.305569	0
195.9	-0.305564	0
196	-0.30555	0
196.1	-0.305529	0
196.2	-0.305501	0
196.3	-0.305469	0
196.4	-0.305435	0
196.5	-0.305399	0
196.6	-0.305362	0
196.7	-0.305328	0
196.8	-0.305296	0
196.9	-0.305268	0
197	-0.305244	0
197.1	-0.305226	0
197.2	-0.305214	0
197.3	-0.305207	0
197.4	-0.305207	0
197.5	-0.305212	0
197.6	-0.305223	0
197.7	-0.305239	0
197.8	-0.305259	0
197.9	-0.305283	0
198	-0.305309	0
198.1	-0.305337	0
198.2	-0.305366	0
198.3	-0.305395	0
198.4	-0.305422	0
198.5	-0.305448	0
198.6	-0.305471	0
198.7	-0.305492	0
198.8	-0.305508	0
198.9	-0.305521	0
199	-0.305529	0
199.1	-0.305532	0
199.2	-0.305532	0
199.3	-0.305526	0
199.4	-0.305517	0
199.5	-0.305504	0
199.6	-0.305488	0
199.7	-0.305468	0
199.8	-0.305447	0
199.9	-0.305423	0
200	-0.305399	0
200.1	0.165176	0
200.2	0.649695	0
200.3	1.03333	0
200.4	1.29737	0
200.5	1.45957	0
200.6	1.54643	0
200.7	1.5821	0
200.8	1.58506	0
200.9	1.56827	0
201	1.54027	0
201.1	1.50649	0
201.2	1.47031	0
201.3	1.43381	0
201.4	1.39831	0
201.5	1.36465	0
201.6	1.33338	0
201.7	1.30489	0
201.8	1.27942	0
201.9	1.25714	0
