#I(JJ4 - output)
0	1.33046	0
0.1	1.33559	0
0.2	1.34032	0
0.3	1.34519	0
0.4	1.3503	0
0.5	1.35554	0
0.6	1.36071	0
0.7	1.36563	0
0.8	1.37011	0
0.9	1.37402	0
1	1.37728	0
1.1	1.37984	0
1.2	1.38171	0
1.3	1.38292	0
1.4	1.38352	0
1.5	1.38358	0
1.6	1.3832	0
1.7	1.38248	0
1.8	1.3815	0
1.9	1.38037	0
2	1.37916	0
2.1	1.37798	0
2.2	1.37687	0
2.3	1.37591	0
2.4	1.37515	0
2.5	1.3746	0
2.6	1.37431	0
2.7	1.37427	0
2.8	1.3745	0
2.9	1.37496	0
3	1.37565	0
3.1	1.37654	0
3.2	1.3776	0
3.3	1.37879	0
3.4	1.38006	0
3.5	1.38139	0
3.6	1.38273	0
3.7	1.38404	0
3.8	1.38529	0
3.9	1.38646	0
4	1.38751	0
4.1	1.38843	0
4.2	1.3892	0
4.3	1.38981	0
4.4	1.39027	0
4.5	1.39057	0
4.6	1.39071	0
4.7	1.39072	0
4.8	1.3906	0
4.9	1.39036	0
5	1.39003	0
5.1	1.38962	0
5.2	1.38916	0
5.3	1.38864	0
5.4	1.38811	0
5.5	1.38756	0
5.6	1.38702	0
5.7	1.38649	0
5.8	1.38598	0
5.9	1.38551	0
6	1.38508	0
6.1	1.38469	0
6.2	1.38434	0
6.3	1.38403	0
6.4	1.38377	0
6.5	1.38355	0
6.6	1.38336	0
6.7	1.38322	0
6.8	1.3831	0
6.9	1.38301	0
7	1.38294	0
7.1	1.38289	0
7.2	1.38286	0
7.3	1.38284	0
7.4	1.38283	0
7.5	1.38283	0
7.6	1.38284	0
7.7	1.38286	0
7.8	1.38288	0
7.9	1.38291	0
8	1.38294	0
8.1	1.38297	0
8.2	1.38301	0
8.3	1.38306	0
8.4	1.38311	0
8.5	1.38317	0
8.6	1.38324	0
8.7	1.38331	0
8.8	1.38339	0
8.9	1.38347	0
9	1.38356	0
9.1	1.38365	0
9.2	1.38375	0
9.3	1.38385	0
9.4	1.38394	0
9.5	1.38404	0
9.6	1.38414	0
9.7	1.38423	0
9.8	1.38432	0
9.9	1.38441	0
10	1.38449	0
10.1	1.38456	0
10.2	1.38462	0
10.3	1.38468	0
10.4	1.38473	0
10.5	1.38476	0
10.6	1.38479	0
10.7	1.38481	0
10.8	1.38482	0
10.9	1.38482	0
11	1.38481	0
11.1	1.3848	0
11.2	1.38478	0
11.3	1.38475	0
11.4	1.38472	0
11.5	1.38469	0
11.6	1.38465	0
11.7	1.38461	0
11.8	1.38457	0
11.9	1.38453	0
12	1.38449	0
12.1	1.38445	0
12.2	1.38441	0
12.3	1.38437	0
12.4	1.38433	0
12.5	1.3843	0
12.6	1.38427	0
12.7	1.38425	0
12.8	1.38423	0
12.9	1.38421	0
13	1.38419	0
13.1	1.38418	0
13.2	1.38417	0
13.3	1.38416	0
13.4	1.38416	0
13.5	1.38416	0
13.6	1.38416	0
13.7	1.38416	0
13.8	1.38417	0
13.9	1.38417	0
14	1.38418	0
14.1	1.38419	0
14.2	1.3842	0
14.3	1.3842	0
14.4	1.38421	0
14.5	1.38422	0
14.6	1.38423	0
14.7	1.38424	0
14.8	1.38425	0
14.9	1.38426	0
15	1.38427	0
15.1	1.38428	0
15.2	1.38428	0
15.3	1.38429	0
15.4	1.3843	0
15.5	1.3843	0
15.6	1.38431	0
15.7	1.38431	0
15.8	1.38431	0
15.9	1.38432	0
16	1.38432	0
16.1	1.38432	0
16.2	1.38432	0
16.3	1.38432	0
16.4	1.38432	0
16.5	1.38432	0
16.6	1.38432	0
16.7	1.38432	0
16.8	1.38432	0
16.9	1.38432	0
17	1.38432	0
17.1	1.38431	0
17.2	1.38431	0
17.3	1.38431	0
17.4	1.38431	0
17.5	1.38431	0
17.6	1.38431	0
17.7	1.3843	0
17.8	1.3843	0
17.9	1.3843	0
18	1.3843	0
18.1	1.3843	0
18.2	1.3843	0
18.3	1.3843	0
18.4	1.38429	0
18.5	1.38429	0
18.6	1.38429	0
18.7	1.38429	0
18.8	1.38429	0
18.9	1.38429	0
19	1.38429	0
19.1	1.38429	0
19.2	1.38429	0
19.3	1.38429	0
19.4	1.38429	0
19.5	1.38429	0
19.6	1.38429	0
19.7	1.38429	0
19.8	1.38429	0
19.9	1.38429	0
20	1.38429	0
20.1	1.38429	0
20.2	1.38429	0
20.3	1.38429	0
20.4	1.38429	0
20.5	1.38429	0
20.6	1.38429	0
20.7	1.38429	0
20.8	1.38429	0
20.9	1.38429	0
21	1.38429	0
21.1	1.38429	0
21.2	1.38429	0
21.3	1.38429	0
21.4	1.38429	0
21.5	1.38429	0
21.6	1.38429	0
21.7	1.38429	0
21.8	1.38429	0
21.9	1.38429	0
22	1.38429	0
22.1	1.38429	0
22.2	1.38429	0
22.3	1.38429	0
22.4	1.38429	0
22.5	1.38429	0
22.6	1.38429	0
22.7	1.38429	0
22.8	1.38429	0
22.9	1.38429	0
23	1.38429	0
23.1	1.38429	0
23.2	1.38429	0
23.3	1.38429	0
23.4	1.38429	0
23.5	1.38429	0
23.6	1.38429	0
23.7	1.38429	0
23.8	1.38429	0
23.9	1.38429	0
24	1.38429	0
24.1	1.38429	0
24.2	1.38429	0
24.3	1.38429	0
24.4	1.38429	0
24.5	1.38429	0
24.6	1.38429	0
24.7	1.38429	0
24.8	1.38429	0
24.9	1.38429	0
25	1.45431	0
25.1	1.53252	0
25.2	1.60431	0
25.3	1.66742	0
25.4	1.72377	0
25.5	1.77589	0
25.6	1.82561	0
25.7	1.87391	0
25.8	1.92105	0
25.9	1.96683	0
26	2.01088	0
26.1	2.05283	0
26.2	2.09236	0
26.3	2.12932	0
26.4	2.16369	0
26.5	2.1956	0
26.6	2.22527	0
26.7	2.253	0
26.8	2.27917	0
26.9	2.30413	0
27	2.32825	0
27.1	2.35185	0
27.2	2.37521	0
27.3	2.39854	0
27.4	2.42197	0
27.5	2.44555	0
27.6	2.46923	0
27.7	2.49286	0
27.8	2.51618	0
27.9	2.53884	0
28	2.56038	0
28.1	2.58022	0
28.2	2.59772	0
28.3	2.61212	0
28.4	2.62262	0
28.5	2.62837	0
28.6	2.62847	0
28.7	2.62204	0
28.8	2.60822	0
28.9	2.58619	0
29	2.55521	0
29.1	2.5146	0
29.2	2.46381	0
29.3	2.40236	0
29.4	2.32988	0
29.5	2.24612	0
29.6	2.15091	0
29.7	2.04416	0
29.8	1.9259	0
29.9	1.79624	0
30	1.65542	0
30.1	1.50379	0
30.2	1.34189	0
30.3	1.17048	0
30.4	0.990637	0
30.5	0.803794	0
30.6	0.611853	0
30.7	0.417257	0
30.8	0.223047	0
30.9	0.0328812	0
31	-0.149004	0
31.1	-0.317902	0
31.2	-0.468817	0
31.3	-0.596709	0
31.4	-0.696782	0
31.5	-0.764791	0
31.6	-0.797347	0
31.7	-0.792192	0
31.8	-0.748449	0
31.9	-0.66683	0
32	-0.549786	0
32.1	-0.401581	0
32.2	-0.228234	0
32.3	-0.0372687	0
32.4	0.162742	0
32.5	0.362815	0
32.6	0.554294	0
32.7	0.729534	0
32.8	0.882434	0
32.9	1.00873	0
33	1.10609	0
33.1	1.17397	0
33.2	1.21341	0
33.3	1.22672	0
33.4	1.21723	0
33.5	1.1889	0
33.6	1.14615	0
33.7	1.09353	0
33.8	1.03559	0
33.9	0.976624	0
34	0.920556	0
34.1	0.87081	0
34.2	0.830207	0
34.3	0.800896	0
34.4	0.784322	0
34.5	0.781216	0
34.6	0.791615	0
34.7	0.814915	0
34.8	0.849949	0
34.9	0.895073	0
35	0.948286	0
35.1	1.00734	0
35.2	1.06988	0
35.3	1.13351	0
35.4	1.19598	0
35.5	1.2552	0
35.6	1.30936	0
35.7	1.35697	0
35.8	1.3969	0
35.9	1.42843	0
36	1.45117	0
36.1	1.46513	0
36.2	1.47062	0
36.3	1.46826	0
36.4	1.45887	0
36.5	1.4435	0
36.6	1.42329	0
36.7	1.39947	0
36.8	1.3733	0
36.9	1.34599	0
37	1.31871	0
37.1	1.29254	0
37.2	1.26842	0
37.3	1.24713	0
37.4	1.22932	0
37.5	1.21544	0
37.6	1.20578	0
37.7	1.20045	0
37.8	1.19942	0
37.9	1.20249	0
38	1.20934	0
38.1	1.21952	0
38.2	1.23252	0
38.3	1.24775	0
38.4	1.26459	0
38.5	1.28239	0
38.6	1.30054	0
38.7	1.31845	0
38.8	1.33556	0
38.9	1.35141	0
39	1.36559	0
39.1	1.37778	0
39.2	1.38777	0
39.3	1.39542	0
39.4	1.40069	0
39.5	1.4036	0
39.6	1.40427	0
39.7	1.40288	0
39.8	1.39964	0
39.9	1.39484	0
40	1.38877	0
40.1	1.38174	0
40.2	1.37408	0
40.3	1.36611	0
40.4	1.35812	0
40.5	1.35039	0
40.6	1.34318	0
40.7	1.33669	0
40.8	1.3311	0
40.9	1.32655	0
41	1.32311	0
41.1	1.32083	0
41.2	1.31973	0
41.3	1.31976	0
41.4	1.32086	0
41.5	1.32294	0
41.6	1.32587	0
41.7	1.32952	0
41.8	1.33373	0
41.9	1.33835	0
42	1.34322	0
42.1	1.34819	0
42.2	1.35309	0
42.3	1.35781	0
42.4	1.36222	0
42.5	1.36621	0
42.6	1.36971	0
42.7	1.37265	0
42.8	1.375	0
42.9	1.37673	0
43	1.37785	0
43.1	1.37837	0
43.2	1.37832	0
43.3	1.37776	0
43.4	1.37674	0
43.5	1.37533	0
43.6	1.3736	0
43.7	1.37162	0
43.8	1.36948	0
43.9	1.36725	0
44	1.365	0
44.1	1.36279	0
44.2	1.36069	0
44.3	1.35874	0
44.4	1.35699	0
44.5	1.35547	0
44.6	1.3542	0
44.7	1.35321	0
44.8	1.35249	0
44.9	1.35204	0
45	1.35186	0
45.1	1.35192	0
45.2	1.35221	0
45.3	1.3527	0
45.4	1.35336	0
45.5	1.35416	0
45.6	1.35506	0
45.7	1.35603	0
45.8	1.35705	0
45.9	1.35808	0
46	1.35909	0
46.1	1.36006	0
46.2	1.36097	0
46.3	1.36179	0
46.4	1.36252	0
46.5	1.36315	0
46.6	1.36367	0
46.7	1.36407	0
46.8	1.36436	0
46.9	1.36454	0
47	1.36462	0
47.1	1.3646	0
47.2	1.3645	0
47.3	1.36433	0
47.4	1.3641	0
47.5	1.36382	0
47.6	1.36351	0
47.7	1.36317	0
47.8	1.36282	0
47.9	1.36247	0
48	1.36214	0
48.1	1.36182	0
48.2	1.36152	0
48.3	1.36126	0
48.4	1.36103	0
48.5	1.36084	0
48.6	1.36068	0
48.7	1.36057	0
48.8	1.36049	0
48.9	1.36045	0
49	1.36044	0
49.1	1.36047	0
49.2	1.36052	0
49.3	1.36059	0
49.4	1.36068	0
49.5	1.36078	0
49.6	1.3609	0
49.7	1.36102	0
49.8	1.36114	0
49.9	1.36126	0
50	1.29137	0
50.1	1.21328	0
50.2	1.14165	0
50.3	1.0788	0
50.4	1.02292	0
50.5	0.97168	0
50.6	0.923524	0
50.7	0.877863	0
50.8	0.834893	0
50.9	0.795286	0
51	0.759909	0
51.1	0.729601	0
51.2	0.705038	0
51.3	0.686649	0
51.4	0.674586	0
51.5	0.668732	0
51.6	0.66873	0
51.7	0.674027	0
51.8	0.683924	0
51.9	0.697626	0
52	0.71429	0
52.1	0.73307	0
52.2	0.75315	0
52.3	0.773772	0
52.4	0.79426	0
52.5	0.814031	0
52.6	0.832606	0
52.7	0.849608	0
52.8	0.864769	0
52.9	0.877913	0
53	0.888961	0
53.1	0.897911	0
53.2	0.904832	0
53.3	0.909851	0
53.4	0.913141	0
53.5	0.914907	0
53.6	0.915377	0
53.7	0.914792	0
53.8	0.913393	0
53.9	0.911414	0
54	0.909078	0
54.1	0.90659	0
54.2	0.90413	0
54.3	0.901856	0
54.4	0.899899	0
54.5	0.898361	0
54.6	0.897321	0
54.7	0.896833	0
54.8	0.896926	0
54.9	0.897611	0
55	0.89888	0
55.1	0.900712	0
55.2	0.903071	0
55.3	0.905915	0
55.4	0.909194	0
55.5	0.912855	0
55.6	0.916843	0
55.7	0.921106	0
55.8	0.925591	0
55.9	0.930253	0
56	0.935049	0
56.1	0.939942	0
56.2	0.944905	0
56.3	0.949913	0
56.4	0.954952	0
56.5	0.960012	0
56.6	0.965089	0
56.7	0.970187	0
56.8	0.975312	0
56.9	0.980476	0
57	0.985695	0
57.1	0.990987	0
57.2	0.996374	0
57.3	1.00188	0
57.4	1.00752	0
57.5	1.01332	0
57.6	1.01932	0
57.7	1.02552	0
57.8	1.03196	0
57.9	1.03865	0
58	1.04562	0
58.1	1.05289	0
58.2	1.06048	0
58.3	1.0684	0
58.4	1.07667	0
58.5	1.0853	0
58.6	1.09431	0
58.7	1.10371	0
58.8	1.1135	0
58.9	1.1237	0
59	1.1343	0
59.1	1.1453	0
59.2	1.1567	0
59.3	1.16849	0
59.4	1.18065	0
59.5	1.19315	0
59.6	1.20595	0
59.7	1.21899	0
59.8	1.23222	0
59.9	1.24553	0
60	1.25885	0
60.1	1.27205	0
60.2	1.28502	0
60.3	1.29764	0
60.4	1.3098	0
60.5	1.3214	0
60.6	1.33236	0
60.7	1.34261	0
60.8	1.35212	0
60.9	1.36087	0
61	1.36887	0
61.1	1.37613	0
61.2	1.38269	0
61.3	1.38859	0
61.4	1.39389	0
61.5	1.39862	0
61.6	1.40283	0
61.7	1.40658	0
61.8	1.40988	0
61.9	1.41279	0
62	1.41531	0
62.1	1.41748	0
62.2	1.4193	0
62.3	1.42079	0
62.4	1.42195	0
62.5	1.42277	0
62.6	1.42327	0
62.7	1.42344	0
62.8	1.42328	0
62.9	1.42279	0
63	1.42199	0
63.1	1.42087	0
63.2	1.41945	0
63.3	1.41774	0
63.4	1.41577	0
63.5	1.41355	0
63.6	1.41111	0
63.7	1.4085	0
63.8	1.40573	0
63.9	1.40285	0
64	1.39989	0
64.1	1.39691	0
64.2	1.39394	0
64.3	1.39101	0
64.4	1.38819	0
64.5	1.38549	0
64.6	1.38295	0
64.7	1.38061	0
64.8	1.37849	0
64.9	1.37661	0
65	1.37499	0
65.1	1.37364	0
65.2	1.37257	0
65.3	1.37177	0
65.4	1.37124	0
65.5	1.37097	0
65.6	1.37095	0
65.7	1.37115	0
65.8	1.37156	0
65.9	1.37214	0
66	1.37289	0
66.1	1.37375	0
66.2	1.37472	0
66.3	1.37576	0
66.4	1.37685	0
66.5	1.37796	0
66.6	1.37907	0
66.7	1.38015	0
66.8	1.38119	0
66.9	1.38217	0
67	1.38309	0
67.1	1.38392	0
67.2	1.38466	0
67.3	1.38531	0
67.4	1.38586	0
67.5	1.38631	0
67.6	1.38668	0
67.7	1.38694	0
67.8	1.38713	0
67.9	1.38723	0
68	1.38726	0
68.1	1.38723	0
68.2	1.38713	0
68.3	1.387	0
68.4	1.38682	0
68.5	1.38661	0
68.6	1.38637	0
68.7	1.38612	0
68.8	1.38587	0
68.9	1.38561	0
69	1.38535	0
69.1	1.3851	0
69.2	1.38486	0
69.3	1.38464	0
69.4	1.38444	0
69.5	1.38426	0
69.6	1.3841	0
69.7	1.38396	0
69.8	1.38384	0
69.9	1.38374	0
70	1.38367	0
70.1	1.38362	0
70.2	1.38358	0
70.3	1.38357	0
70.4	1.38356	0
70.5	1.38357	0
70.6	1.3836	0
70.7	1.38363	0
70.8	1.38367	0
70.9	1.38372	0
71	1.38377	0
71.1	1.38382	0
71.2	1.38388	0
71.3	1.38393	0
71.4	1.38398	0
71.5	1.38403	0
71.6	1.38408	0
71.7	1.38412	0
71.8	1.38416	0
71.9	1.3842	0
72	1.38423	0
72.1	1.38425	0
72.2	1.38427	0
72.3	1.38429	0
72.4	1.3843	0
72.5	1.3843	0
72.6	1.3843	0
72.7	1.3843	0
72.8	1.3843	0
72.9	1.3843	0
73	1.38429	0
73.1	1.38428	0
73.2	1.38427	0
73.3	1.38426	0
73.4	1.38425	0
73.5	1.38424	0
73.6	1.38423	0
73.7	1.38422	0
73.8	1.38421	0
73.9	1.3842	0
74	1.38419	0
74.1	1.38419	0
74.2	1.38419	0
74.3	1.38418	0
74.4	1.38418	0
74.5	1.38418	0
74.6	1.38419	0
74.7	1.38419	0
74.8	1.38419	0
74.9	1.3842	0
75	1.45422	0
75.1	1.53244	0
75.2	1.60424	0
75.3	1.66736	0
75.4	1.72372	0
75.5	1.77584	0
75.6	1.82557	0
75.7	1.87388	0
75.8	1.92102	0
75.9	1.96681	0
76	2.01088	0
76.1	2.05283	0
76.2	2.09237	0
76.3	2.12934	0
76.4	2.16372	0
76.5	2.19564	0
76.6	2.22531	0
76.7	2.25306	0
76.8	2.27923	0
76.9	2.3042	0
77	2.32833	0
77.1	2.35194	0
77.2	2.37531	0
77.3	2.39864	0
77.4	2.42208	0
77.5	2.44567	0
77.6	2.46935	0
77.7	2.49299	0
77.8	2.51631	0
77.9	2.53898	0
78	2.56051	0
78.1	2.58036	0
78.2	2.59785	0
78.3	2.61225	0
78.4	2.62275	0
78.5	2.62848	0
78.6	2.62857	0
78.7	2.62213	0
78.8	2.60829	0
78.9	2.58625	0
79	2.55524	0
79.1	2.51461	0
79.2	2.4638	0
79.3	2.40232	0
79.4	2.32982	0
79.5	2.24602	0
79.6	2.15078	0
79.7	2.044	0
79.8	1.9257	0
79.9	1.79601	0
80	1.65515	0
80.1	1.50348	0
80.2	1.34155	0
80.3	1.17011	0
80.4	0.990232	0
80.5	0.803363	0
80.6	0.611405	0
80.7	0.416804	0
80.8	0.222605	0
80.9	0.0324697	0
81	-0.14936	0
81.1	-0.318175	0
81.2	-0.468975	0
81.3	-0.596718	0
81.4	-0.696609	0
81.5	-0.764405	0
81.6	-0.796721	0
81.7	-0.791306	0
81.8	-0.747293	0
81.9	-0.665404	0
82	-0.548106	0
82.1	-0.39968	0
82.2	-0.22616	0
82.3	-0.0350857	0
82.4	0.16496	0
82.5	0.364993	0
82.6	0.556358	0
82.7	0.731424	0
82.8	0.884102	0
82.9	1.01015	0
83	1.10726	0
83.1	1.17488	0
83.2	1.21409	0
83.3	1.22722	0
83.4	1.21757	0
83.5	1.18915	0
83.6	1.14635	0
83.7	1.09374	0
83.8	1.03585	0
83.9	0.976984	0
84	0.921062	0
84.1	0.8715	0
84.2	0.831108	0
84.3	0.802032	0
84.4	0.785704	0
84.5	0.782844	0
84.6	0.793481	0
84.7	0.817001	0
84.8	0.852225	0
84.9	0.897502	0
85	0.950823	0
85.1	1.00994	0
85.2	1.07248	0
85.3	1.13608	0
85.4	1.19845	0
85.5	1.25753	0
85.6	1.31151	0
85.7	1.35891	0
85.8	1.39862	0
85.9	1.4299	0
86	1.4524	0
86.1	1.46612	0
86.2	1.47139	0
86.3	1.46882	0
86.4	1.45927	0
86.5	1.44378	0
86.6	1.42348	0
86.7	1.39963	0
86.8	1.37346	0
86.9	1.34621	0
87	1.31904	0
87.1	1.29301	0
87.2	1.26906	0
87.3	1.24799	0
87.4	1.23041	0
87.5	1.21677	0
87.6	1.20736	0
87.7	1.20228	0
87.8	1.20148	0
87.9	1.20475	0
88	1.21177	0
88.1	1.22209	0
88.2	1.23518	0
88.3	1.25045	0
88.4	1.26728	0
88.5	1.28503	0
88.6	1.30308	0
88.7	1.32084	0
88.8	1.33776	0
88.9	1.35339	0
89	1.36733	0
89.1	1.37926	0
89.2	1.38899	0
89.3	1.39637	0
89.4	1.40138	0
89.5	1.40406	0
89.6	1.40452	0
89.7	1.40294	0
89.8	1.39957	0
89.9	1.39467	0
90	1.38855	0
90.1	1.38152	0
90.2	1.3739	0
90.3	1.36601	0
90.4	1.35814	0
90.5	1.35058	0
90.6	1.34356	0
90.7	1.33729	0
90.8	1.33193	0
90.9	1.32761	0
91	1.32441	0
91.1	1.32236	0
91.2	1.32147	0
91.3	1.32169	0
91.4	1.32295	0
91.5	1.32515	0
91.6	1.32817	0
91.7	1.33185	0
91.8	1.33606	0
91.9	1.34064	0
92	1.34541	0
92.1	1.35024	0
92.2	1.35498	0
92.3	1.35949	0
92.4	1.36367	0
92.5	1.36741	0
92.6	1.37065	0
92.7	1.37332	0
92.8	1.3754	0
92.9	1.37687	0
93	1.37774	0
93.1	1.37803	0
93.2	1.37779	0
93.3	1.37705	0
93.4	1.37588	0
93.5	1.37436	0
93.6	1.37256	0
93.7	1.37055	0
93.8	1.3684	0
93.9	1.3662	0
94	1.364	0
94.1	1.36188	0
94.2	1.35989	0
94.3	1.35807	0
94.4	1.35647	0
94.5	1.35511	0
94.6	1.354	0
94.7	1.35317	0
94.8	1.35261	0
94.9	1.35232	0
95	1.35228	0
95.1	1.35248	0
95.2	1.35288	0
95.3	1.35347	0
95.4	1.3542	0
95.5	1.35506	0
95.6	1.35599	0
95.7	1.35699	0
95.8	1.358	0
95.9	1.359	0
96	1.35998	0
96.1	1.3609	0
96.2	1.36174	0
96.3	1.36249	0
96.4	1.36314	0
96.5	1.36369	0
96.6	1.36412	0
96.7	1.36444	0
96.8	1.36464	0
96.9	1.36475	0
97	1.36476	0
97.1	1.36468	0
97.2	1.36452	0
97.3	1.36431	0
97.4	1.36404	0
97.5	1.36373	0
97.6	1.3634	0
97.7	1.36306	0
97.8	1.36272	0
97.9	1.36238	0
98	1.36206	0
98.1	1.36176	0
98.2	1.36149	0
98.3	1.36126	0
98.4	1.36106	0
98.5	1.3609	0
98.6	1.36078	0
98.7	1.3607	0
98.8	1.36065	0
98.9	1.36064	0
99	1.36066	0
99.1	1.36071	0
99.2	1.36077	0
99.3	1.36086	0
99.4	1.36097	0
99.5	1.36108	0
99.6	1.3612	0
99.7	1.36132	0
99.8	1.36144	0
99.9	1.36156	0
100	1.36167	0
100.1	1.29176	0
100.2	1.21366	0
100.3	1.14201	0
100.4	1.07913	0
100.5	1.02322	0
100.6	0.971961	0
100.7	0.923781	0
100.8	0.878097	0
100.9	0.835107	0
101	0.795481	0
101.1	0.760087	0
101.2	0.729766	0
101.3	0.705192	0
101.4	0.686793	0
101.5	0.674724	0
101.6	0.668866	0
101.7	0.668863	0
101.8	0.674161	0
101.9	0.684059	0
102	0.697764	0
102.1	0.714433	0
102.2	0.733218	0
102.3	0.753304	0
102.4	0.773932	0
102.5	0.794426	0
102.6	0.814202	0
102.7	0.832782	0
102.8	0.849789	0
102.9	0.864953	0
103	0.8781	0
103.1	0.88915	0
103.2	0.8981	0
103.3	0.905022	0
103.4	0.91004	0
103.5	0.913329	0
103.6	0.915093	0
103.7	0.915562	0
103.8	0.914974	0
103.9	0.913572	0
104	0.91159	0
104.1	0.909251	0
104.2	0.90676	0
104.3	0.904298	0
104.4	0.902021	0
104.5	0.900061	0
104.6	0.898521	0
104.7	0.897479	0
104.8	0.896989	0
104.9	0.897081	0
105	0.897764	0
105.1	0.899033	0
105.2	0.900863	0
105.3	0.903222	0
105.4	0.906065	0
105.5	0.909344	0
105.6	0.913005	0
105.7	0.916993	0
105.8	0.921256	0
105.9	0.925741	0
106	0.930403	0
106.1	0.935199	0
106.2	0.940092	0
106.3	0.945055	0
106.4	0.950063	0
106.5	0.955102	0
106.6	0.960161	0
106.7	0.965238	0
106.8	0.970335	0
106.9	0.97546	0
107	0.980624	0
107.1	0.985842	0
107.2	0.991134	0
107.3	0.99652	0
107.4	1.00202	0
107.5	1.00766	0
107.6	1.01347	0
107.7	1.01946	0
107.8	1.02566	0
107.9	1.0321	0
108	1.03879	0
108.1	1.04576	0
108.2	1.05303	0
108.3	1.06062	0
108.4	1.06854	0
108.5	1.07681	0
108.6	1.08544	0
108.7	1.09445	0
108.8	1.10384	0
108.9	1.11364	0
109	1.12383	0
109.1	1.13443	0
109.2	1.14543	0
109.3	1.15684	0
109.4	1.16863	0
109.5	1.18078	0
109.6	1.19328	0
109.7	1.20608	0
109.8	1.21912	0
109.9	1.23234	0
110	1.24566	0
110.1	1.25897	0
110.2	1.27217	0
110.3	1.28514	0
110.4	1.29776	0
110.5	1.30992	0
110.6	1.32152	0
110.7	1.33247	0
110.8	1.34272	0
110.9	1.35223	0
111	1.36098	0
111.1	1.36897	0
111.2	1.37623	0
111.3	1.38279	0
111.4	1.38869	0
111.5	1.39398	0
111.6	1.39871	0
111.7	1.40292	0
111.8	1.40666	0
111.9	1.40996	0
112	1.41287	0
112.1	1.41539	0
112.2	1.41756	0
112.3	1.41938	0
112.4	1.42086	0
112.5	1.42201	0
112.6	1.42284	0
112.7	1.42333	0
112.8	1.4235	0
112.9	1.42334	0
113	1.42285	0
113.1	1.42204	0
113.2	1.42092	0
113.3	1.4195	0
113.4	1.41779	0
113.5	1.41581	0
113.6	1.41359	0
113.7	1.41116	0
113.8	1.40854	0
113.9	1.40576	0
114	1.40288	0
114.1	1.39993	0
114.2	1.39694	0
114.3	1.39397	0
114.4	1.39104	0
114.5	1.38821	0
114.6	1.38551	0
114.7	1.38297	0
114.8	1.38063	0
114.9	1.37851	0
115	1.37663	0
115.1	1.37501	0
115.2	1.37366	0
115.3	1.37258	0
115.4	1.37178	0
115.5	1.37125	0
115.6	1.37098	0
115.7	1.37096	0
115.8	1.37116	0
115.9	1.37156	0
116	1.37215	0
116.1	1.37289	0
116.2	1.37375	0
116.3	1.37472	0
116.4	1.37576	0
116.5	1.37684	0
116.6	1.37795	0
116.7	1.37905	0
116.8	1.38013	0
116.9	1.38117	0
117	1.38215	0
117.1	1.38306	0
117.2	1.38389	0
117.3	1.38463	0
117.4	1.38528	0
117.5	1.38583	0
117.6	1.38628	0
117.7	1.38664	0
117.8	1.3869	0
117.9	1.38708	0
118	1.38718	0
118.1	1.38721	0
118.2	1.38718	0
118.3	1.38708	0
118.4	1.38694	0
118.5	1.38676	0
118.6	1.38655	0
118.7	1.38631	0
118.8	1.38606	0
118.9	1.3858	0
119	1.38553	0
119.1	1.38528	0
119.2	1.38502	0
119.3	1.38478	0
119.4	1.38456	0
119.5	1.38436	0
119.6	1.38417	0
119.7	1.38401	0
119.8	1.38386	0
119.9	1.38375	0
120	1.38365	0
120.1	1.38357	0
120.2	1.38352	0
120.3	1.38348	0
120.4	1.38346	0
120.5	1.38345	0
120.6	1.38346	0
120.7	1.38348	0
120.8	1.38351	0
120.9	1.38355	0
121	1.3836	0
121.1	1.38364	0
121.2	1.3837	0
121.3	1.38375	0
121.4	1.3838	0
121.5	1.38385	0
121.6	1.3839	0
121.7	1.38394	0
121.8	1.38398	0
121.9	1.38402	0
122	1.38405	0
122.1	1.38408	0
122.2	1.3841	0
122.3	1.38412	0
122.4	1.38413	0
122.5	1.38414	0
122.6	1.38414	0
122.7	1.38414	0
122.8	1.38414	0
122.9	1.38413	0
123	1.38413	0
123.1	1.38412	0
123.2	1.38411	0
123.3	1.38409	0
123.4	1.38408	0
123.5	1.38407	0
123.6	1.38405	0
123.7	1.38404	0
123.8	1.38403	0
123.9	1.38402	0
124	1.38401	0
124.1	1.384	0
124.2	1.38399	0
124.3	1.38399	0
124.4	1.38398	0
124.5	1.38398	0
124.6	1.38398	0
124.7	1.38398	0
124.8	1.38398	0
124.9	1.38398	0
125	1.38398	0
125.1	1.454	0
125.2	1.53222	0
125.3	1.60402	0
125.4	1.66713	0
125.5	1.72349	0
125.6	1.77561	0
125.7	1.82534	0
125.8	1.87365	0
125.9	1.92079	0
126	1.96657	0
126.1	2.01064	0
126.2	2.05259	0
126.3	2.09213	0
126.4	2.1291	0
126.5	2.16347	0
126.6	2.19538	0
126.7	2.22506	0
126.8	2.2528	0
126.9	2.27897	0
127	2.30394	0
127.1	2.32806	0
127.2	2.35167	0
127.3	2.37503	0
127.4	2.39837	0
127.5	2.42181	0
127.6	2.44539	0
127.7	2.46908	0
127.8	2.49271	0
127.9	2.51604	0
128	2.53871	0
128.1	2.56025	0
128.2	2.5801	0
128.3	2.5976	0
128.4	2.61202	0
128.5	2.62253	0
128.6	2.62828	0
128.7	2.6284	0
128.8	2.62199	0
128.9	2.60818	0
129	2.58618	0
129.1	2.55522	0
129.2	2.51464	0
129.3	2.46388	0
129.4	2.40247	0
129.5	2.33004	0
129.6	2.24632	0
129.7	2.15116	0
129.8	2.04448	0
129.9	1.92628	0
130	1.7967	0
130.1	1.65595	0
130.2	1.5044	0
130.3	1.34258	0
130.4	1.17126	0
130.5	0.991495	0
130.6	0.804725	0
130.7	0.612845	0
130.8	0.41829	0
130.9	0.224097	0
131	0.0339146	0
131.1	-0.148027	0
131.2	-0.317028	0
131.3	-0.468097	0
131.4	-0.596196	0
131.5	-0.696528	0
131.6	-0.764844	0
131.7	-0.797746	0
131.8	-0.792966	0
131.9	-0.749613	0
132	-0.668377	0
132.1	-0.551689	0
132.2	-0.403793	0
132.3	-0.230683	0
132.4	-0.0398645	0
132.5	0.160101	0
132.6	0.360236	0
132.7	0.551875	0
132.8	0.72736	0
132.9	0.880567	0
133	1.00721	0
133.1	1.10493	0
133.2	1.17317	0
133.3	1.21293	0
133.4	1.22654	0
133.5	1.21728	0
133.6	1.18914	0
133.7	1.14651	0
133.8	1.09396	0
133.9	1.03602	0
134	0.976997	0
134.1	0.920828	0
134.2	0.870939	0
134.3	0.83016	0
134.4	0.80065	0
134.5	0.783864	0
134.6	0.780542	0
134.7	0.790733	0
134.8	0.813842	0
134.9	0.848709	0
135	0.893698	0
135.1	0.946814	0
135.2	1.00581	0
135.3	1.06833	0
135.4	1.132	0
135.5	1.19453	0
135.6	1.25385	0
135.7	1.30813	0
135.8	1.3559	0
135.9	1.396	0
136	1.42771	0
136.1	1.45064	0
136.2	1.46477	0
136.3	1.47043	0
136.4	1.46822	0
136.5	1.45897	0
136.6	1.4437	0
136.7	1.42357	0
136.8	1.39981	0
136.9	1.37365	0
137	1.34634	0
137.1	1.31903	0
137.2	1.2928	0
137.3	1.2686	0
137.4	1.24721	0
137.5	1.22929	0
137.6	1.21529	0
137.7	1.2055	0
137.8	1.20005	0
137.9	1.1989	0
138	1.20186	0
138.1	1.20861	0
138.2	1.21871	0
138.3	1.23164	0
138.4	1.24683	0
138.5	1.26365	0
138.6	1.28145	0
138.7	1.29963	0
138.8	1.31758	0
138.9	1.33475	0
139	1.35067	0
139.1	1.36494	0
139.2	1.37723	0
139.3	1.38732	0
139.4	1.39508	0
139.5	1.40045	0
139.6	1.40346	0
139.7	1.40422	0
139.8	1.4029	0
139.9	1.39973	0
140	1.39498	0
140.1	1.38894	0
140.2	1.38193	0
140.3	1.37428	0
140.4	1.36629	0
140.5	1.35827	0
140.6	1.3505	0
140.7	1.34323	0
140.8	1.33668	0
140.9	1.33102	0
141	1.32639	0
141.1	1.32287	0
141.2	1.32052	0
141.3	1.31934	0
141.4	1.3193	0
141.5	1.32034	0
141.6	1.32237	0
141.7	1.32526	0
141.8	1.32889	0
141.9	1.33309	0
142	1.33771	0
142.1	1.3426	0
142.2	1.34759	0
142.3	1.35253	0
142.4	1.3573	0
142.5	1.36176	0
142.6	1.36582	0
142.7	1.36939	0
142.8	1.37241	0
142.9	1.37483	0
143	1.37663	0
143.1	1.37782	0
143.2	1.37841	0
143.3	1.37842	0
143.4	1.37791	0
143.5	1.37693	0
143.6	1.37555	0
143.7	1.37385	0
143.8	1.37189	0
143.9	1.36975	0
144	1.36751	0
144.1	1.36525	0
144.2	1.36302	0
144.3	1.36088	0
144.4	1.3589	0
144.5	1.35711	0
144.6	1.35554	0
144.7	1.35423	0
144.8	1.35319	0
144.9	1.35242	0
145	1.35193	0
145.1	1.3517	0
145.2	1.35173	0
145.3	1.35198	0
145.4	1.35244	0
145.5	1.35307	0
145.6	1.35385	0
145.7	1.35474	0
145.8	1.35571	0
145.9	1.35672	0
146	1.35775	0
146.1	1.35877	0
146.2	1.35975	0
146.3	1.36067	0
146.4	1.36151	0
146.5	1.36226	0
146.6	1.36291	0
146.7	1.36344	0
146.8	1.36387	0
146.9	1.36418	0
147	1.36438	0
147.1	1.36447	0
147.2	1.36447	0
147.3	1.36439	0
147.4	1.36423	0
147.5	1.364	0
147.6	1.36373	0
147.7	1.36342	0
147.8	1.36308	0
147.9	1.36273	0
148	1.36238	0
148.1	1.36204	0
148.2	1.36171	0
148.3	1.36141	0
148.4	1.36114	0
148.5	1.3609	0
148.6	1.36069	0
148.7	1.36053	0
148.8	1.36041	0
148.9	1.36032	0
149	1.36027	0
149.1	1.36025	0
149.2	1.36027	0
149.3	1.36031	0
149.4	1.36038	0
149.5	1.36046	0
149.6	1.36056	0
149.7	1.36068	0
149.8	1.36079	0
149.9	1.36092	0
150	1.36104	0
150.1	1.29114	0
150.2	1.21306	0
150.3	1.14143	0
150.4	1.07858	0
150.5	1.0227	0
150.6	0.97146	0
150.7	0.923305	0
150.8	0.877645	0
150.9	0.834676	0
151	0.795071	0
151.1	0.759694	0
151.2	0.729387	0
151.3	0.704824	0
151.4	0.686434	0
151.5	0.67437	0
151.6	0.668514	0
151.7	0.668511	0
151.8	0.673806	0
151.9	0.6837	0
152	0.697399	0
152.1	0.714061	0
152.2	0.732838	0
152.3	0.752915	0
152.4	0.773534	0
152.5	0.79402	0
152.6	0.813789	0
152.7	0.832362	0
152.8	0.849363	0
152.9	0.864522	0
153	0.877666	0
153.1	0.888713	0
153.2	0.897662	0
153.3	0.904583	0
153.4	0.909602	0
153.5	0.912892	0
153.6	0.914658	0
153.7	0.915129	0
153.8	0.914544	0
153.9	0.913145	0
154	0.911166	0
154.1	0.908831	0
154.2	0.906342	0
154.3	0.903883	0
154.4	0.901609	0
154.5	0.89965	0
154.6	0.898112	0
154.7	0.897072	0
154.8	0.896582	0
154.9	0.896674	0
155	0.897358	0
155.1	0.898626	0
155.2	0.900456	0
155.3	0.902813	0
155.4	0.905655	0
155.5	0.908933	0
155.6	0.912592	0
155.7	0.916579	0
155.8	0.92084	0
155.9	0.925323	0
156	0.929983	0
156.1	0.934777	0
156.2	0.939669	0
156.3	0.94463	0
156.4	0.949636	0
156.5	0.954673	0
156.6	0.959731	0
156.7	0.964807	0
156.8	0.969903	0
156.9	0.975026	0
157	0.980189	0
157.1	0.985406	0
157.2	0.990697	0
157.3	0.996082	0
157.4	1.00158	0
157.5	1.00722	0
157.6	1.01303	0
157.7	1.01902	0
157.8	1.02522	0
157.9	1.03165	0
158	1.03835	0
158.1	1.04532	0
158.2	1.05258	0
158.3	1.06017	0
158.4	1.06809	0
158.5	1.07635	0
158.6	1.08499	0
158.7	1.09399	0
158.8	1.10339	0
158.9	1.11318	0
159	1.12337	0
159.1	1.13397	0
159.2	1.14497	0
159.3	1.15637	0
159.4	1.16816	0
159.5	1.18032	0
159.6	1.19282	0
159.7	1.20561	0
159.8	1.21866	0
159.9	1.23188	0
160	1.24519	0
160.1	1.25851	0
160.2	1.27171	0
160.3	1.28468	0
160.4	1.2973	0
160.5	1.30946	0
160.6	1.32106	0
160.7	1.33202	0
160.8	1.34228	0
160.9	1.35179	0
161	1.36054	0
161.1	1.36854	0
161.2	1.3758	0
161.3	1.38237	0
161.4	1.38827	0
161.5	1.39356	0
161.6	1.3983	0
161.7	1.40251	0
161.8	1.40625	0
161.9	1.40956	0
162	1.41247	0
162.1	1.41499	0
162.2	1.41716	0
162.3	1.41898	0
162.4	1.42047	0
162.5	1.42163	0
162.6	1.42245	0
162.7	1.42295	0
162.8	1.42312	0
162.9	1.42296	0
163	1.42248	0
163.1	1.42167	0
163.2	1.42055	0
163.3	1.41913	0
163.4	1.41742	0
163.5	1.41545	0
163.6	1.41323	0
163.7	1.41079	0
163.8	1.40817	0
163.9	1.4054	0
164	1.40252	0
164.1	1.39957	0
164.2	1.39658	0
164.3	1.39361	0
164.4	1.39069	0
164.5	1.38785	0
164.6	1.38515	0
164.7	1.38261	0
164.8	1.38027	0
164.9	1.37815	0
165	1.37627	0
165.1	1.37465	0
165.2	1.3733	0
165.3	1.37222	0
165.4	1.37142	0
165.5	1.37089	0
165.6	1.37062	0
165.7	1.37059	0
165.8	1.37079	0
165.9	1.3712	0
166	1.37178	0
166.1	1.37252	0
166.2	1.37339	0
166.3	1.37436	0
166.4	1.3754	0
166.5	1.37648	0
166.6	1.37759	0
166.7	1.37869	0
166.8	1.37978	0
166.9	1.38082	0
167	1.3818	0
167.1	1.38271	0
167.2	1.38354	0
167.3	1.38428	0
167.4	1.38493	0
167.5	1.38548	0
167.6	1.38593	0
167.7	1.38629	0
167.8	1.38656	0
167.9	1.38674	0
168	1.38684	0
168.1	1.38687	0
168.2	1.38684	0
168.3	1.38674	0
168.4	1.3866	0
168.5	1.38642	0
168.6	1.38621	0
168.7	1.38598	0
168.8	1.38573	0
168.9	1.38547	0
169	1.38521	0
169.1	1.38495	0
169.2	1.3847	0
169.3	1.38446	0
169.4	1.38424	0
169.5	1.38403	0
169.6	1.38385	0
169.7	1.38368	0
169.8	1.38354	0
169.9	1.38342	0
170	1.38333	0
170.1	1.38325	0
170.2	1.3832	0
170.3	1.38316	0
170.4	1.38314	0
170.5	1.38314	0
170.6	1.38315	0
170.7	1.38317	0
170.8	1.3832	0
170.9	1.38324	0
171	1.38328	0
171.1	1.38333	0
171.2	1.38339	0
171.3	1.38344	0
171.4	1.38349	0
171.5	1.38354	0
171.6	1.38359	0
171.7	1.38364	0
171.8	1.38368	0
171.9	1.38372	0
172	1.38375	0
172.1	1.38378	0
172.2	1.3838	0
172.3	1.38382	0
172.4	1.38383	0
172.5	1.38384	0
172.6	1.38385	0
172.7	1.38385	0
172.8	1.38385	0
172.9	1.38384	0
173	1.38384	0
173.1	1.38383	0
173.2	1.38382	0
173.3	1.38381	0
173.4	1.38379	0
173.5	1.38378	0
173.6	1.38377	0
173.7	1.38376	0
173.8	1.38375	0
173.9	1.38374	0
174	1.38373	0
174.1	1.38372	0
174.2	1.38372	0
174.3	1.38371	0
174.4	1.38371	0
174.5	1.38371	0
174.6	1.38371	0
174.7	1.38371	0
174.8	1.38371	0
174.9	1.38371	0
175	1.38372	0
175.1	1.45374	0
175.2	1.53196	0
175.3	1.60375	0
175.4	1.66687	0
175.5	1.72323	0
175.6	1.77535	0
175.7	1.82508	0
175.8	1.87339	0
175.9	1.92053	0
176	1.96631	0
176.1	2.01038	0
176.2	2.05233	0
176.3	2.09187	0
176.4	2.12884	0
176.5	2.16322	0
176.6	2.19513	0
176.7	2.22481	0
176.8	2.25255	0
176.9	2.27872	0
177	2.30369	0
177.1	2.32781	0
177.2	2.35142	0
177.3	2.37479	0
177.4	2.39812	0
177.5	2.42156	0
177.6	2.44515	0
177.7	2.46884	0
177.8	2.49248	0
177.9	2.51581	0
178	2.53849	0
178.1	2.56004	0
178.2	2.5799	0
178.3	2.59741	0
178.4	2.61184	0
178.5	2.62237	0
178.6	2.62815	0
178.7	2.62829	0
178.8	2.62191	0
178.9	2.60814	0
179	2.58618	0
179.1	2.55526	0
179.2	2.51474	0
179.3	2.46403	0
179.4	2.40268	0
179.5	2.33032	0
179.6	2.24668	0
179.7	2.15159	0
179.8	2.04499	0
179.9	1.92689	0
180	1.7974	0
180.1	1.65675	0
180.2	1.5053	0
180.3	1.34358	0
180.4	1.17236	0
180.5	0.992687	0
180.6	0.805999	0
180.7	0.614184	0
180.8	0.41967	0
180.9	0.225483	0
181	0.0352647	0
181.1	-0.146764	0
181.2	-0.315911	0
181.3	-0.467189	0
181.4	-0.595564	0
181.5	-0.696236	0
181.6	-0.764952	0
181.7	-0.798304	0
181.8	-0.794009	0
181.9	-0.751157	0
182	-0.670415	0
182.1	-0.554189	0
182.2	-0.406691	0
182.3	-0.233889	0
182.4	-0.0432643	0
182.5	0.156638	0
182.6	0.356844	0
182.7	0.548681	0
182.8	0.724471	0
182.9	0.878064	0
183	1.00515	0
183.1	1.10332	0
183.2	1.172	0
183.3	1.21218	0
183.4	1.22615	0
183.5	1.21719	0
183.6	1.18926	0
183.7	1.14677	0
183.8	1.09428	0
183.9	1.03633	0
184	0.977214	0
184.1	0.920888	0
184.2	0.870787	0
184.3	0.82975	0
184.4	0.79995	0
184.5	0.782856	0
184.6	0.779221	0
184.7	0.789109	0
184.8	0.811938	0
184.9	0.846559	0
185	0.891349	0
185.1	0.944318	0
185.2	1.00323	0
185.3	1.06572	0
185.4	1.12942	0
185.5	1.19205	0
185.6	1.25151	0
185.7	1.30599	0
185.8	1.35398	0
185.9	1.39435	0
186	1.42632	0
186.1	1.44952	0
186.2	1.46392	0
186.3	1.46984	0
186.4	1.46785	0
186.5	1.45879	0
186.6	1.44367	0
186.7	1.42365	0
186.8	1.39994	0
186.9	1.3738	0
187	1.34645	0
187.1	1.31906	0
187.2	1.29271	0
187.3	1.26834	0
187.4	1.24676	0
187.5	1.22862	0
187.6	1.21438	0
187.7	1.20435	0
187.8	1.19867	0
187.9	1.19729	0
188	1.20004	0
188.1	1.20661	0
188.2	1.21656	0
188.3	1.22939	0
188.4	1.24451	0
188.5	1.26131	0
188.6	1.27914	0
188.7	1.29738	0
188.8	1.31544	0
188.9	1.33276	0
189	1.34886	0
189.1	1.36333	0
189.2	1.37584	0
189.3	1.38616	0
189.4	1.39415	0
189.5	1.39974	0
189.6	1.40296	0
189.7	1.40391	0
189.8	1.40276	0
189.9	1.39973	0
190	1.39507	0
190.1	1.38909	0
190.2	1.3821	0
190.3	1.37442	0
190.4	1.36636	0
190.5	1.35824	0
190.6	1.35034	0
190.7	1.34291	0
190.8	1.33617	0
190.9	1.3303	0
191	1.32546	0
191.1	1.32172	0
191.2	1.31915	0
191.3	1.31777	0
191.4	1.31755	0
191.5	1.31843	0
191.6	1.32032	0
191.7	1.32312	0
191.8	1.32668	0
191.9	1.33086	0
192	1.3355	0
192.1	1.34045	0
192.2	1.34553	0
192.3	1.35061	0
192.4	1.35554	0
192.5	1.3602	0
192.6	1.36448	0
192.7	1.36828	0
192.8	1.37154	0
192.9	1.37421	0
193	1.37626	0
193.1	1.37769	0
193.2	1.3785	0
193.3	1.37872	0
193.4	1.3784	0
193.5	1.37758	0
193.6	1.37633	0
193.7	1.37473	0
193.8	1.37284	0
193.9	1.37074	0
194	1.36851	0
194.1	1.36621	0
194.2	1.36393	0
194.3	1.36172	0
194.4	1.35964	0
194.5	1.35773	0
194.6	1.35603	0
194.7	1.35458	0
194.8	1.35339	0
194.9	1.35247	0
195	1.35183	0
195.1	1.35146	0
195.2	1.35135	0
195.3	1.35148	0
195.4	1.35183	0
195.5	1.35238	0
195.6	1.35308	0
195.7	1.35391	0
195.8	1.35484	0
195.9	1.35584	0
196	1.35687	0
196.1	1.3579	0
196.2	1.35891	0
196.3	1.35988	0
196.4	1.36078	0
196.5	1.36159	0
196.6	1.36231	0
196.7	1.36292	0
196.8	1.36342	0
196.9	1.36381	0
197	1.36409	0
197.1	1.36426	0
197.2	1.36432	0
197.3	1.3643	0
197.4	1.36419	0
197.5	1.36401	0
197.6	1.36377	0
197.7	1.36349	0
197.8	1.36317	0
197.9	1.36283	0
198	1.36248	0
198.1	1.36213	0
198.2	1.36179	0
198.3	1.36147	0
198.4	1.36117	0
198.5	1.36091	0
198.6	1.36068	0
198.7	1.36048	0
198.8	1.36033	0
198.9	1.36021	0
199	1.36013	0
199.1	1.36009	0
199.2	1.36008	0
199.3	1.3601	0
199.4	1.36015	0
199.5	1.36022	0
199.6	1.3603	0
199.7	1.36041	0
199.8	1.36052	0
199.9	1.36064	0
200	1.36076	0
200.1	1.29087	0
200.2	1.21279	0
200.3	1.14117	0
200.4	1.07833	0
200.5	1.02245	0
200.6	0.97123	0
200.7	0.923086	0
200.8	0.877438	0
200.9	0.83448	0
201	0.794885	0
201.1	0.759518	0
201.2	0.729219	0
201.3	0.704664	0
201.4	0.68628	0
201.5	0.674221	0
201.6	0.668369	0
201.7	0.668369	0
201.8	0.673666	0
201.9	0.683561	0
