#I(JJ1)
0	-0.0106196	0
0.1	-0.00621316	0
0.2	0.0102899	0
0.3	0.0339735	0
0.4	0.0618312	0
0.5	0.0919311	0
0.6	0.122936	0
0.7	0.153846	0
0.8	0.183871	0
0.9	0.212369	0
1	0.238825	0
1.1	0.26284	0
1.2	0.284126	0
1.3	0.302499	0
1.4	0.317875	0
1.5	0.330259	0
1.6	0.339731	0
1.7	0.346438	0
1.8	0.350578	0
1.9	0.352389	0
2	0.352136	0
2.1	0.350101	0
2.2	0.34657	0
2.3	0.341829	0
2.4	0.336155	0
2.5	0.329806	0
2.6	0.323023	0
2.7	0.316022	0
2.8	0.308995	0
2.9	0.302106	0
3	0.29549	0
3.1	0.28926	0
3.2	0.283498	0
3.3	0.278266	0
3.4	0.273602	0
3.5	0.269526	0
3.6	0.266039	0
3.7	0.263127	0
3.8	0.260766	0
3.9	0.25892	0
4	0.257548	0
4.1	0.256602	0
4.2	0.256032	0
4.3	0.255785	0
4.4	0.25581	0
4.5	0.256059	0
4.6	0.256482	0
4.7	0.257039	0
4.8	0.257688	0
4.9	0.258396	0
5	0.259132	0
5.1	0.259872	0
5.2	0.260596	0
5.3	0.261289	0
5.4	0.261938	0
5.5	0.262537	0
5.6	0.263081	0
5.7	0.263569	0
5.8	0.264003	0
5.9	0.264386	0
6	0.264721	0
6.1	0.265014	0
6.2	0.265272	0
6.3	0.265501	0
6.4	0.265706	0
6.5	0.265893	0
6.6	0.266067	0
6.7	0.266233	0
6.8	0.266395	0
6.9	0.266554	0
7	0.266713	0
7.1	0.266873	0
7.2	0.267034	0
7.3	0.267195	0
7.4	0.267356	0
7.5	0.267514	0
7.6	0.267669	0
7.7	0.267817	0
7.8	0.267956	0
7.9	0.268084	0
8	0.2682	0
8.1	0.2683	0
8.2	0.268383	0
8.3	0.268447	0
8.4	0.268492	0
8.5	0.268516	0
8.6	0.26852	0
8.7	0.268504	0
8.8	0.268468	0
8.9	0.268413	0
9	0.268341	0
9.1	0.268253	0
9.2	0.268151	0
9.3	0.268037	0
9.4	0.267913	0
9.5	0.267783	0
9.6	0.267648	0
9.7	0.26751	0
9.8	0.267372	0
9.9	0.267237	0
10	0.267106	0
10.1	0.266981	0
10.2	0.266864	0
10.3	0.266757	0
10.4	0.26666	0
10.5	0.266574	0
10.6	0.266501	0
10.7	0.26644	0
10.8	0.266391	0
10.9	0.266356	0
11	0.266332	0
11.1	0.266321	0
11.2	0.26632	0
11.3	0.26633	0
11.4	0.266349	0
11.5	0.266376	0
11.6	0.26641	0
11.7	0.266451	0
11.8	0.266496	0
11.9	0.266544	0
12	0.266595	0
12.1	0.266648	0
12.2	0.266701	0
12.3	0.266753	0
12.4	0.266804	0
12.5	0.266853	0
12.6	0.266898	0
12.7	0.266941	0
12.8	0.26698	0
12.9	0.267014	0
13	0.267044	0
13.1	0.26707	0
13.2	0.267092	0
13.3	0.267109	0
13.4	0.267122	0
13.5	0.26713	0
13.6	0.267135	0
13.7	0.267137	0
13.8	0.267135	0
13.9	0.26713	0
14	0.267123	0
14.1	0.267114	0
14.2	0.267103	0
14.3	0.267091	0
14.4	0.267078	0
14.5	0.267064	0
14.6	0.26705	0
14.7	0.267036	0
14.8	0.267023	0
14.9	0.267009	0
15	0.266996	0
15.1	0.266984	0
15.2	0.266973	0
15.3	0.266963	0
15.4	0.266954	0
15.5	0.266946	0
15.6	0.266939	0
15.7	0.266933	0
15.8	0.266929	0
15.9	0.266925	0
16	0.266922	0
16.1	0.26692	0
16.2	0.266919	0
16.3	0.266919	0
16.4	0.266919	0
16.5	0.26692	0
16.6	0.266922	0
16.7	0.266923	0
16.8	0.266925	0
16.9	0.266928	0
17	0.26693	0
17.1	0.266933	0
17.2	0.266935	0
17.3	0.266938	0
17.4	0.26694	0
17.5	0.266943	0
17.6	0.266945	0
17.7	0.266947	0
17.8	0.266949	0
17.9	0.266951	0
18	0.266953	0
18.1	0.266954	0
18.2	0.266956	0
18.3	0.266957	0
18.4	0.266958	0
18.5	0.266959	0
18.6	0.266959	0
18.7	0.26696	0
18.8	0.26696	0
18.9	0.266961	0
19	0.266961	0
19.1	0.266961	0
19.2	0.266961	0
19.3	0.266961	0
19.4	0.266961	0
19.5	0.26696	0
19.6	0.26696	0
19.7	0.26696	0
19.8	0.26696	0
19.9	0.266959	0
20	0.266959	0
20.1	0.266959	0
20.2	0.266958	0
20.3	0.266958	0
20.4	0.266958	0
20.5	0.266958	0
20.6	0.266957	0
20.7	0.266957	0
20.8	0.266957	0
20.9	0.266956	0
21	0.266956	0
21.1	0.266956	0
21.2	0.266956	0
21.3	0.266956	0
21.4	0.266955	0
21.5	0.266955	0
21.6	0.266955	0
21.7	0.266955	0
21.8	0.266955	0
21.9	0.266955	0
22	0.266955	0
22.1	0.266955	0
22.2	0.266955	0
22.3	0.266955	0
22.4	0.266955	0
22.5	0.266955	0
22.6	0.266955	0
22.7	0.266955	0
22.8	0.266955	0
22.9	0.266955	0
23	0.266955	0
23.1	0.266955	0
23.2	0.266955	0
23.3	0.266955	0
23.4	0.266955	0
23.5	0.266955	0
23.6	0.266955	0
23.7	0.266955	0
23.8	0.266955	0
23.9	0.266955	0
24	0.266955	0
24.1	0.266955	0
24.2	0.266955	0
24.3	0.266955	0
24.4	0.266955	0
24.5	0.266955	0
24.6	0.266955	0
24.7	0.266955	0
24.8	0.266955	0
24.9	0.266955	0
25	-0.0259883	0
25.1	-0.323773	0
25.2	-0.553325	0
25.3	-0.702607	0
25.4	-0.783017	0
25.5	-0.811824	0
25.6	-0.804998	0
25.7	-0.77503	0
25.8	-0.73087	0
25.9	-0.678609	0
26	-0.622252	0
26.1	-0.564383	0
26.2	-0.506646	0
26.3	-0.450077	0
26.4	-0.395313	0
26.5	-0.342729	0
26.6	-0.292518	0
26.7	-0.244739	0
26.8	-0.199358	0
26.9	-0.156259	0
27	-0.11527	0
27.1	-0.0761754	0
27.2	-0.0387258	0
27.3	-0.00265452	0
27.4	0.0323115	0
27.5	0.0664391	0
27.6	0.0999766	0
27.7	0.133142	0
27.8	0.166111	0
27.9	0.199008	0
28	0.231899	0
28.1	0.264785	0
28.2	0.2976	0
28.3	0.330213	0
28.4	0.362434	0
28.5	0.394025	0
28.6	0.424711	0
28.7	0.454196	0
28.8	0.482185	0
28.9	0.508393	0
29	0.532571	0
29.1	0.554512	0
29.2	0.574068	0
29.3	0.591154	0
29.4	0.605752	0
29.5	0.617912	0
29.6	0.627749	0
29.7	0.635437	0
29.8	0.641204	0
29.9	0.645319	0
30	0.648086	0
30.1	0.649832	0
30.2	0.6509	0
30.3	0.651637	0
30.4	0.652385	0
30.5	0.653471	0
30.6	0.655205	0
30.7	0.657862	0
30.8	0.661685	0
30.9	0.666871	0
31	0.67357	0
31.1	0.681877	0
31.2	0.691829	0
31.3	0.703401	0
31.4	0.716509	0
31.5	0.731008	0
31.6	0.746701	0
31.7	0.763342	0
31.8	0.78065	0
31.9	0.79832	0
32	0.816037	0
32.1	0.833488	0
32.2	0.850377	0
32.3	0.866437	0
32.4	0.881437	0
32.5	0.895192	0
32.6	0.907566	0
32.7	0.918472	0
32.8	0.927872	0
32.9	0.935771	0
33	0.942217	0
33.1	0.947287	0
33.2	0.951088	0
33.3	0.953742	0
33.4	0.95538	0
33.5	0.956141	0
33.6	0.956156	0
33.7	0.955552	0
33.8	0.954439	0
33.9	0.952916	0
34	0.951064	0
34.1	0.948948	0
34.2	0.946614	0
34.3	0.944098	0
34.4	0.941421	0
34.5	0.938596	0
34.6	0.935631	0
34.7	0.932531	0
34.8	0.929302	0
34.9	0.925953	0
35	0.922502	0
35.1	0.918971	0
35.2	0.915393	0
35.3	0.911813	0
35.4	0.90828	0
35.5	0.904856	0
35.6	0.901605	0
35.7	0.898597	0
35.8	0.895904	0
35.9	0.893594	0
36	0.891733	0
36.1	0.890376	0
36.2	0.889571	0
36.3	0.889351	0
36.4	0.889735	0
36.5	0.890727	0
36.6	0.892315	0
36.7	0.894469	0
36.8	0.897146	0
36.9	0.900285	0
37	0.903817	0
37.1	0.90766	0
37.2	0.911724	0
37.3	0.915915	0
37.4	0.920139	0
37.5	0.924299	0
37.6	0.928304	0
37.7	0.93207	0
37.8	0.935521	0
37.9	0.93859	0
38	0.941223	0
38.1	0.943381	0
38.2	0.945038	0
38.3	0.94618	0
38.4	0.94681	0
38.5	0.946942	0
38.6	0.946605	0
38.7	0.945837	0
38.8	0.944685	0
38.9	0.943205	0
39	0.941458	0
39.1	0.939509	0
39.2	0.937426	0
39.3	0.935273	0
39.4	0.933115	0
39.5	0.931012	0
39.6	0.929019	0
39.7	0.927183	0
39.8	0.925546	0
39.9	0.924138	0
40	0.922982	0
40.1	0.922094	0
40.2	0.921478	0
40.3	0.921132	0
40.4	0.921044	0
40.5	0.921198	0
40.6	0.921569	0
40.7	0.92213	0
40.8	0.922848	0
40.9	0.923691	0
41	0.924621	0
41.1	0.925605	0
41.2	0.926607	0
41.3	0.927595	0
41.4	0.92854	0
41.5	0.929416	0
41.6	0.930202	0
41.7	0.93088	0
41.8	0.931438	0
41.9	0.931868	0
42	0.932167	0
42.1	0.932337	0
42.2	0.932382	0
42.3	0.932312	0
42.4	0.932138	0
42.5	0.931876	0
42.6	0.931541	0
42.7	0.931152	0
42.8	0.930725	0
42.9	0.930279	0
43	0.929831	0
43.1	0.929398	0
43.2	0.928994	0
43.3	0.928631	0
43.4	0.92832	0
43.5	0.92807	0
43.6	0.927885	0
43.7	0.927768	0
43.8	0.927721	0
43.9	0.927741	0
44	0.927825	0
44.1	0.927967	0
44.2	0.928161	0
44.3	0.928396	0
44.4	0.928665	0
44.5	0.928957	0
44.6	0.929263	0
44.7	0.929571	0
44.8	0.929874	0
44.9	0.930162	0
45	0.930426	0
45.1	0.930661	0
45.2	0.93086	0
45.3	0.93102	0
45.4	0.931137	0
45.5	0.93121	0
45.6	0.931238	0
45.7	0.931223	0
45.8	0.931168	0
45.9	0.931074	0
46	0.930948	0
46.1	0.930792	0
46.2	0.930614	0
46.3	0.930419	0
46.4	0.930212	0
46.5	0.930001	0
46.6	0.92979	0
46.7	0.929585	0
46.8	0.929391	0
46.9	0.929212	0
47	0.929054	0
47.1	0.928917	0
47.2	0.928805	0
47.3	0.92872	0
47.4	0.928662	0
47.5	0.92863	0
47.6	0.928626	0
47.7	0.928646	0
47.8	0.92869	0
47.9	0.928754	0
48	0.928837	0
48.1	0.928935	0
48.2	0.929046	0
48.3	0.929164	0
48.4	0.929288	0
48.5	0.929415	0
48.6	0.92954	0
48.7	0.929662	0
48.8	0.929777	0
48.9	0.929883	0
49	0.929979	0
49.1	0.930062	0
49.2	0.930133	0
49.3	0.930189	0
49.4	0.930231	0
49.5	0.930259	0
49.6	0.930273	0
49.7	0.930274	0
49.8	0.930263	0
49.9	0.93024	0
50	1.22314	0
50.1	1.52085	0
50.2	1.75025	0
50.3	1.89928	0
50.4	1.97932	0
50.5	2.00767	0
50.6	2.00038	0
50.7	1.97005	0
50.8	1.92584	0
50.9	1.87405	0
51	1.81894	0
51.1	1.76333	0
51.2	1.7091	0
51.3	1.65748	0
51.4	1.60926	0
51.5	1.56494	0
51.6	1.52476	0
51.7	1.48882	0
51.8	1.45704	0
51.9	1.42926	0
52	1.40521	0
52.1	1.38457	0
52.2	1.36696	0
52.3	1.35193	0
52.4	1.33906	0
52.5	1.32788	0
52.6	1.31794	0
52.7	1.30877	0
52.8	1.29997	0
52.9	1.29113	0
53	1.28188	0
53.1	1.27192	0
53.2	1.26097	0
53.3	1.24881	0
53.4	1.23525	0
53.5	1.22017	0
53.6	1.2035	0
53.7	1.18521	0
53.8	1.16529	0
53.9	1.1438	0
54	1.12081	0
54.1	1.09643	0
54.2	1.07076	0
54.3	1.04395	0
54.4	1.01613	0
54.5	0.98747	0
54.6	0.9581	0
54.7	0.928166	0
54.8	0.897799	0
54.9	0.867123	0
55	0.836242	0
55.1	0.80525	0
55.2	0.774218	0
55.3	0.743205	0
55.4	0.712247	0
55.5	0.681366	0
55.6	0.650565	0
55.7	0.619832	0
55.8	0.589142	0
55.9	0.558454	0
56	0.527719	0
56.1	0.496879	0
56.2	0.465868	0
56.3	0.434618	0
56.4	0.403057	0
56.5	0.371118	0
56.6	0.338733	0
56.7	0.305843	0
56.8	0.272398	0
56.9	0.238359	0
57	0.203703	0
57.1	0.168423	0
57.2	0.132537	0
57.3	0.0960836	0
57.4	0.0591304	0
57.5	0.021776	0
57.6	-0.0158473	0
57.7	-0.0535695	0
57.8	-0.0911811	0
57.9	-0.12843	0
58	-0.165018	0
58.1	-0.200604	0
58.2	-0.234799	0
58.3	-0.267169	0
58.4	-0.297237	0
58.5	-0.324488	0
58.6	-0.348374	0
58.7	-0.368321	0
58.8	-0.383744	0
58.9	-0.394056	0
59	-0.398687	0
59.1	-0.397108	0
59.2	-0.388852	0
59.3	-0.373541	0
59.4	-0.350926	0
59.5	-0.320919	0
59.6	-0.283628	0
59.7	-0.239396	0
59.8	-0.188824	0
59.9	-0.132789	0
60	-0.0724359	0
60.1	-0.00914945	0
60.2	0.0555044	0
60.3	0.119856	0
60.4	0.182227	0
60.5	0.241029	0
60.6	0.294855	0
60.7	0.342545	0
60.8	0.38324	0
60.9	0.416394	0
61	0.441768	0
61.1	0.459409	0
61.2	0.46961	0
61.3	0.472862	0
61.4	0.469813	0
61.5	0.461217	0
61.6	0.4479	0
61.7	0.43072	0
61.8	0.410541	0
61.9	0.388206	0
62	0.364521	0
62.1	0.340237	0
62.2	0.316042	0
62.3	0.29255	0
62.4	0.270297	0
62.5	0.249736	0
62.6	0.231235	0
62.7	0.215078	0
62.8	0.201465	0
62.9	0.190515	0
63	0.18227	0
63.1	0.176702	0
63.2	0.173719	0
63.3	0.17317	0
63.4	0.174859	0
63.5	0.178549	0
63.6	0.183974	0
63.7	0.19085	0
63.8	0.198879	0
63.9	0.207764	0
64	0.217212	0
64.1	0.226944	0
64.2	0.2367	0
64.3	0.246244	0
64.4	0.255369	0
64.5	0.263897	0
64.6	0.271683	0
64.7	0.278614	0
64.8	0.284612	0
64.9	0.289626	0
65	0.293638	0
65.1	0.296654	0
65.2	0.298704	0
65.3	0.299839	0
65.4	0.300128	0
65.5	0.299651	0
65.6	0.298499	0
65.7	0.29677	0
65.8	0.294565	0
65.9	0.291987	0
66	0.289133	0
66.1	0.2861	0
66.2	0.282978	0
66.3	0.279846	0
66.4	0.276779	0
66.5	0.273839	0
66.6	0.27108	0
66.7	0.268544	0
66.8	0.266263	0
66.9	0.264262	0
67	0.262553	0
67.1	0.261143	0
67.2	0.260028	0
67.3	0.259201	0
67.4	0.258646	0
67.5	0.258344	0
67.6	0.258272	0
67.7	0.258404	0
67.8	0.258713	0
67.9	0.259171	0
68	0.259748	0
68.1	0.260418	0
68.2	0.261152	0
68.3	0.261927	0
68.4	0.262719	0
68.5	0.263508	0
68.6	0.264275	0
68.7	0.265005	0
68.8	0.265686	0
68.9	0.266308	0
69	0.266864	0
69.1	0.267348	0
69.2	0.267759	0
69.3	0.268096	0
69.4	0.268361	0
69.5	0.268557	0
69.6	0.268687	0
69.7	0.268758	0
69.8	0.268776	0
69.9	0.268747	0
70	0.268678	0
70.1	0.268576	0
70.2	0.268448	0
70.3	0.268301	0
70.4	0.268142	0
70.5	0.267974	0
70.6	0.267805	0
70.7	0.267639	0
70.8	0.267478	0
70.9	0.267327	0
71	0.267188	0
71.1	0.267063	0
71.2	0.266954	0
71.3	0.26686	0
71.4	0.266782	0
71.5	0.26672	0
71.6	0.266673	0
71.7	0.26664	0
71.8	0.26662	0
71.9	0.266612	0
72	0.266614	0
72.1	0.266625	0
72.2	0.266642	0
72.3	0.266666	0
72.4	0.266693	0
72.5	0.266723	0
72.6	0.266755	0
72.7	0.266787	0
72.8	0.266819	0
72.9	0.266849	0
73	0.266877	0
73.1	0.266903	0
73.2	0.266926	0
73.3	0.266946	0
73.4	0.266962	0
73.5	0.266976	0
73.6	0.266986	0
73.7	0.266994	0
73.8	0.266999	0
73.9	0.267001	0
74	0.267002	0
74.1	0.267001	0
74.2	0.266998	0
74.3	0.266994	0
74.4	0.266989	0
74.5	0.266984	0
74.6	0.266979	0
74.7	0.266973	0
74.8	0.266968	0
74.9	0.266963	0
75	-0.0259854	0
75.1	-0.323774	0
75.2	-0.553329	0
75.3	-0.702614	0
75.4	-0.783026	0
75.5	-0.811834	0
75.6	-0.805009	0
75.7	-0.77504	0
75.8	-0.730879	0
75.9	-0.678615	0
76	-0.622255	0
76.1	-0.564382	0
76.2	-0.506641	0
76.3	-0.450066	0
76.4	-0.395296	0
76.5	-0.342706	0
76.6	-0.292487	0
76.7	-0.244702	0
76.8	-0.199313	0
76.9	-0.156207	0
77	-0.115211	0
77.1	-0.0761091	0
77.2	-0.0386526	0
77.3	-0.00257476	0
77.4	0.0323974	0
77.5	0.0665307	0
77.6	0.100073	0
77.7	0.133243	0
77.8	0.166215	0
77.9	0.199115	0
78	0.232008	0
78.1	0.264894	0
78.2	0.297708	0
78.3	0.330319	0
78.4	0.362538	0
78.5	0.394125	0
78.6	0.424805	0
78.7	0.454284	0
78.8	0.482266	0
78.9	0.508466	0
79	0.532636	0
79.1	0.554569	0
79.2	0.574116	0
79.3	0.591194	0
79.4	0.605784	0
79.5	0.617937	0
79.6	0.627767	0
79.7	0.635451	0
79.8	0.641214	0
79.9	0.645326	0
80	0.648091	0
80.1	0.649837	0
80.2	0.650906	0
80.3	0.651646	0
80.4	0.652397	0
80.5	0.653488	0
80.6	0.655228	0
80.7	0.657892	0
80.8	0.661722	0
80.9	0.666916	0
81	0.673624	0
81.1	0.68194	0
81.2	0.6919	0
81.3	0.703481	0
81.4	0.716597	0
81.5	0.731104	0
81.6	0.746803	0
81.7	0.763449	0
81.8	0.780762	0
81.9	0.798435	0
82	0.816154	0
82.1	0.833606	0
82.2	0.850494	0
82.3	0.866552	0
82.4	0.881549	0
82.5	0.895302	0
82.6	0.907672	0
82.7	0.918574	0
82.8	0.927969	0
82.9	0.935864	0
83	0.942306	0
83.1	0.947373	0
83.2	0.951171	0
83.3	0.953821	0
83.4	0.955456	0
83.5	0.956214	0
83.6	0.956227	0
83.7	0.955619	0
83.8	0.954503	0
83.9	0.952977	0
84	0.951122	0
84.1	0.949001	0
84.2	0.946664	0
84.3	0.944143	0
84.4	0.941462	0
84.5	0.938633	0
84.6	0.935664	0
84.7	0.932561	0
84.8	0.929328	0
84.9	0.925978	0
85	0.922525	0
85.1	0.918993	0
85.2	0.915417	0
85.3	0.911839	0
85.4	0.908311	0
85.5	0.904891	0
85.6	0.901647	0
85.7	0.898648	0
85.8	0.895964	0
85.9	0.893664	0
86	0.891814	0
86.1	0.890468	0
86.2	0.889674	0
86.3	0.889464	0
86.4	0.889858	0
86.5	0.89086	0
86.6	0.892455	0
86.7	0.894615	0
86.8	0.897295	0
86.9	0.900436	0
87	0.903967	0
87.1	0.907807	0
87.2	0.911866	0
87.3	0.916051	0
87.4	0.920266	0
87.5	0.924416	0
87.6	0.928411	0
87.7	0.932165	0
87.8	0.935603	0
87.9	0.938659	0
88	0.941281	0
88.1	0.943428	0
88.2	0.945075	0
88.3	0.94621	0
88.4	0.946833	0
88.5	0.946962	0
88.6	0.946624	0
88.7	0.945856	0
88.8	0.944707	0
88.9	0.943233	0
89	0.941494	0
89.1	0.939555	0
89.2	0.937482	0
89.3	0.935341	0
89.4	0.933196	0
89.5	0.931106	0
89.6	0.929126	0
89.7	0.927302	0
89.8	0.925676	0
89.9	0.924277	0
90	0.92313	0
90.1	0.922247	0
90.2	0.921634	0
90.3	0.921288	0
90.4	0.921197	0
90.5	0.921346	0
90.6	0.92171	0
90.7	0.92226	0
90.8	0.922967	0
90.9	0.923796	0
91	0.924711	0
91.1	0.925679	0
91.2	0.926665	0
91.3	0.927638	0
91.4	0.928568	0
91.5	0.92943	0
91.6	0.930204	0
91.7	0.930871	0
91.8	0.931421	0
91.9	0.931846	0
92	0.932142	0
92.1	0.932312	0
92.2	0.93236	0
92.3	0.932295	0
92.4	0.93213	0
92.5	0.931878	0
92.6	0.931555	0
92.7	0.931179	0
92.8	0.930767	0
92.9	0.930336	0
93	0.929904	0
93.1	0.929485	0
93.2	0.929095	0
93.3	0.928744	0
93.4	0.928444	0
93.5	0.928201	0
93.6	0.928021	0
93.7	0.927907	0
93.8	0.927859	0
93.9	0.927875	0
94	0.927952	0
94.1	0.928085	0
94.2	0.928265	0
94.3	0.928485	0
94.4	0.928737	0
94.5	0.92901	0
94.6	0.929295	0
94.7	0.929583	0
94.8	0.929864	0
94.9	0.93013	0
95	0.930374	0
95.1	0.93059	0
95.2	0.930772	0
95.3	0.930916	0
95.4	0.93102	0
95.5	0.931082	0
95.6	0.931104	0
95.7	0.931085	0
95.8	0.931028	0
95.9	0.930937	0
96	0.930816	0
96.1	0.930669	0
96.2	0.930502	0
96.3	0.93032	0
96.4	0.930129	0
96.5	0.929935	0
96.6	0.929742	0
96.7	0.929557	0
96.8	0.929383	0
96.9	0.929224	0
97	0.929085	0
97.1	0.928967	0
97.2	0.928872	0
97.3	0.928802	0
97.4	0.928758	0
97.5	0.928738	0
97.6	0.928743	0
97.7	0.92877	0
97.8	0.928818	0
97.9	0.928885	0
98	0.928968	0
98.1	0.929063	0
98.2	0.929168	0
98.3	0.92928	0
98.4	0.929396	0
98.5	0.929512	0
98.6	0.929627	0
98.7	0.929736	0
98.8	0.929838	0
98.9	0.929932	0
99	0.930014	0
99.1	0.930085	0
99.2	0.930143	0
99.3	0.930188	0
99.4	0.93022	0
99.5	0.930238	0
99.6	0.930244	0
99.7	0.930238	0
99.8	0.93022	0
99.9	0.930194	0
100	0.930158	0
100.1	1.22305	0
100.2	1.52075	0
100.3	1.75015	0
100.4	1.89918	0
100.5	1.97922	0
100.6	2.00757	0
100.7	2.00028	0
100.8	1.96997	0
100.9	1.92577	0
101	1.87399	0
101.1	1.81888	0
101.2	1.76329	0
101.3	1.70907	0
101.4	1.65746	0
101.5	1.60925	0
101.6	1.56494	0
101.7	1.52478	0
101.8	1.48884	0
101.9	1.45707	0
102	1.42929	0
102.1	1.40526	0
102.2	1.38462	0
102.3	1.36701	0
102.4	1.35199	0
102.5	1.33912	0
102.6	1.32794	0
102.7	1.31799	0
102.8	1.30883	0
102.9	1.30002	0
103	1.29118	0
103.1	1.28193	0
103.2	1.27196	0
103.3	1.26101	0
103.4	1.24884	0
103.5	1.23527	0
103.6	1.22019	0
103.7	1.20352	0
103.8	1.18522	0
103.9	1.1653	0
104	1.1438	0
104.1	1.12081	0
104.2	1.09642	0
104.3	1.07074	0
104.4	1.04393	0
104.5	1.01612	0
104.6	0.987449	0
104.7	0.958077	0
104.8	0.928141	0
104.9	0.897774	0
105	0.867096	0
105.1	0.836216	0
105.2	0.805223	0
105.3	0.774191	0
105.4	0.743178	0
105.5	0.71222	0
105.6	0.681339	0
105.7	0.650538	0
105.8	0.619806	0
105.9	0.589115	0
106	0.558427	0
106.1	0.527692	0
106.2	0.496851	0
106.3	0.46584	0
106.4	0.434589	0
106.5	0.403028	0
106.6	0.371087	0
106.7	0.338701	0
106.8	0.30581	0
106.9	0.272363	0
107	0.238322	0
107.1	0.203664	0
107.2	0.168383	0
107.3	0.132495	0
107.4	0.0960396	0
107.5	0.0590847	0
107.6	0.0217287	0
107.7	-0.0158959	0
107.8	-0.0536192	0
107.9	-0.0912314	0
108	-0.12848	0
108.1	-0.165068	0
108.2	-0.200653	0
108.3	-0.234847	0
108.4	-0.267214	0
108.5	-0.297279	0
108.6	-0.324526	0
108.7	-0.348406	0
108.8	-0.368347	0
108.9	-0.383762	0
109	-0.394065	0
109.1	-0.398687	0
109.2	-0.397098	0
109.3	-0.388829	0
109.4	-0.373507	0
109.5	-0.35088	0
109.6	-0.32086	0
109.7	-0.283557	0
109.8	-0.239313	0
109.9	-0.18873	0
110	-0.132687	0
110.1	-0.0723274	0
110.2	-0.00903675	0
110.3	0.0556186	0
110.4	0.119969	0
110.5	0.182336	0
110.6	0.241131	0
110.7	0.294947	0
110.8	0.342627	0
110.9	0.38331	0
111	0.416451	0
111.1	0.441812	0
111.2	0.459441	0
111.3	0.46963	0
111.4	0.472871	0
111.5	0.469811	0
111.6	0.461206	0
111.7	0.447882	0
111.8	0.430696	0
111.9	0.410513	0
112	0.388175	0
112.1	0.364488	0
112.2	0.340204	0
112.3	0.316009	0
112.4	0.292519	0
112.5	0.270268	0
112.6	0.24971	0
112.7	0.231213	0
112.8	0.21506	0
112.9	0.201451	0
113	0.190505	0
113.1	0.182265	0
113.2	0.176701	0
113.3	0.173722	0
113.4	0.173177	0
113.5	0.174869	0
113.6	0.178562	0
113.7	0.18399	0
113.8	0.190868	0
113.9	0.198899	0
114	0.207785	0
114.1	0.217233	0
114.2	0.226966	0
114.3	0.236721	0
114.4	0.246265	0
114.5	0.255389	0
114.6	0.263915	0
114.7	0.2717	0
114.8	0.27863	0
114.9	0.284625	0
115	0.289638	0
115.1	0.293648	0
115.2	0.296662	0
115.3	0.29871	0
115.4	0.299844	0
115.5	0.300131	0
115.6	0.299652	0
115.7	0.298499	0
115.8	0.296769	0
115.9	0.294564	0
116	0.291984	0
116.1	0.28913	0
116.2	0.286097	0
116.3	0.282974	0
116.4	0.279842	0
116.5	0.276775	0
116.6	0.273835	0
116.7	0.271076	0
116.8	0.26854	0
116.9	0.26626	0
117	0.264259	0
117.1	0.26255	0
117.2	0.26114	0
117.3	0.260026	0
117.4	0.259199	0
117.5	0.258644	0
117.6	0.258342	0
117.7	0.25827	0
117.8	0.258403	0
117.9	0.258712	0
118	0.259169	0
118.1	0.259747	0
118.2	0.260416	0
118.3	0.261151	0
118.4	0.261926	0
118.5	0.262718	0
118.6	0.263506	0
118.7	0.264273	0
118.8	0.265003	0
118.9	0.265684	0
119	0.266305	0
119.1	0.266861	0
119.2	0.267345	0
119.3	0.267755	0
119.4	0.268092	0
119.5	0.268357	0
119.6	0.268552	0
119.7	0.268682	0
119.8	0.268753	0
119.9	0.26877	0
120	0.268741	0
120.1	0.268671	0
120.2	0.268569	0
120.3	0.268441	0
120.4	0.268294	0
120.5	0.268134	0
120.6	0.267967	0
120.7	0.267797	0
120.8	0.26763	0
120.9	0.26747	0
121	0.267319	0
121.1	0.26718	0
121.2	0.267054	0
121.3	0.266944	0
121.4	0.26685	0
121.5	0.266772	0
121.6	0.26671	0
121.7	0.266663	0
121.8	0.26663	0
121.9	0.26661	0
122	0.266601	0
122.1	0.266603	0
122.2	0.266614	0
122.3	0.266631	0
122.4	0.266654	0
122.5	0.266682	0
122.6	0.266712	0
122.7	0.266743	0
122.8	0.266775	0
122.9	0.266807	0
123	0.266837	0
123.1	0.266865	0
123.2	0.26689	0
123.3	0.266913	0
123.4	0.266932	0
123.5	0.266949	0
123.6	0.266962	0
123.7	0.266973	0
123.8	0.26698	0
123.9	0.266985	0
124	0.266987	0
124.1	0.266987	0
124.2	0.266986	0
124.3	0.266983	0
124.4	0.266979	0
124.5	0.266974	0
124.6	0.266968	0
124.7	0.266963	0
124.8	0.266957	0
124.9	0.266952	0
125	0.266946	0
125.1	-0.0260019	0
125.2	-0.323791	0
125.3	-0.553346	0
125.4	-0.702632	0
125.5	-0.783044	0
125.6	-0.811852	0
125.7	-0.805027	0
125.8	-0.775058	0
125.9	-0.730898	0
126	-0.678635	0
126.1	-0.622276	0
126.2	-0.564405	0
126.3	-0.506665	0
126.4	-0.450092	0
126.5	-0.395324	0
126.6	-0.342736	0
126.7	-0.29252	0
126.8	-0.244738	0
126.9	-0.199352	0
127	-0.156249	0
127.1	-0.115258	0
127.2	-0.0761597	0
127.3	-0.0387076	0
127.4	-0.00263457	0
127.5	0.0323326	0
127.6	0.0664607	0
127.7	0.0999979	0
127.8	0.133162	0
127.9	0.166129	0
128	0.199024	0
128.1	0.231912	0
128.2	0.264794	0
128.3	0.297604	0
128.4	0.330212	0
128.5	0.362427	0
128.6	0.394013	0
128.7	0.424692	0
128.8	0.454172	0
128.9	0.482155	0
129	0.508357	0
129.1	0.53253	0
129.2	0.554466	0
129.3	0.574018	0
129.4	0.591099	0
129.5	0.605694	0
129.6	0.61785	0
129.7	0.627685	0
129.8	0.635371	0
129.9	0.641136	0
130	0.645248	0
130.1	0.648013	0
130.2	0.649757	0
130.3	0.650823	0
130.4	0.651557	0
130.5	0.652302	0
130.6	0.653385	0
130.7	0.655114	0
130.8	0.657767	0
130.9	0.661584	0
131	0.666764	0
131.1	0.673457	0
131.2	0.681757	0
131.3	0.691702	0
131.4	0.703267	0
131.5	0.716368	0
131.6	0.730862	0
131.7	0.74655	0
131.8	0.763187	0
131.9	0.780493	0
132	0.798163	0
132.1	0.815881	0
132.2	0.833335	0
132.3	0.850229	0
132.4	0.866294	0
132.5	0.881302	0
132.6	0.895065	0
132.7	0.907448	0
132.8	0.918362	0
132.9	0.92777	0
133	0.935678	0
133.1	0.942132	0
133.2	0.947211	0
133.3	0.951019	0
133.4	0.953679	0
133.5	0.955324	0
133.6	0.956091	0
133.7	0.956111	0
133.8	0.955512	0
133.9	0.954404	0
134	0.952886	0
134.1	0.95104	0
134.2	0.948928	0
134.3	0.9466	0
134.4	0.944089	0
134.5	0.941418	0
134.6	0.938599	0
134.7	0.93564	0
134.8	0.932546	0
134.9	0.929322	0
135	0.925978	0
135.1	0.92253	0
135.2	0.919002	0
135.3	0.915427	0
135.4	0.911847	0
135.5	0.908314	0
135.6	0.904887	0
135.7	0.901632	0
135.8	0.898619	0
135.9	0.895919	0
136	0.893601	0
136.1	0.891731	0
136.2	0.890364	0
136.3	0.889548	0
136.4	0.889318	0
136.5	0.889692	0
136.6	0.890674	0
136.7	0.892252	0
136.8	0.894398	0
136.9	0.897068	0
137	0.900202	0
137.1	0.90373	0
137.2	0.90757	0
137.3	0.911634	0
137.4	0.915827	0
137.5	0.920054	0
137.6	0.924219	0
137.7	0.928231	0
137.8	0.932005	0
137.9	0.935464	0
138	0.938542	0
138.1	0.941185	0
138.2	0.943353	0
138.3	0.945019	0
138.4	0.94617	0
138.5	0.946809	0
138.6	0.946949	0
138.7	0.946618	0
138.8	0.945854	0
138.9	0.944706	0
139	0.943228	0
139.1	0.941481	0
139.2	0.939532	0
139.3	0.937446	0
139.4	0.935289	0
139.5	0.933127	0
139.6	0.931018	0
139.7	0.929019	0
139.8	0.927177	0
139.9	0.925532	0
140	0.924117	0
140.1	0.922956	0
140.2	0.922062	0
140.3	0.921441	0
140.4	0.92109	0
140.5	0.920999	0
140.6	0.92115	0
140.7	0.92152	0
140.8	0.922081	0
140.9	0.922801	0
141	0.923646	0
141.1	0.924579	0
141.2	0.925567	0
141.3	0.926573	0
141.4	0.927567	0
141.5	0.928517	0
141.6	0.929399	0
141.7	0.93019	0
141.8	0.930874	0
141.9	0.931436	0
142	0.93187	0
142.1	0.932173	0
142.2	0.932345	0
142.3	0.932392	0
142.4	0.932322	0
142.5	0.932149	0
142.6	0.931885	0
142.7	0.931549	0
142.8	0.931156	0
142.9	0.930726	0
143	0.930276	0
143.1	0.929825	0
143.2	0.929387	0
143.3	0.928978	0
143.4	0.928611	0
143.5	0.928297	0
143.6	0.928043	0
143.7	0.927855	0
143.8	0.927736	0
143.9	0.927687	0
144	0.927706	0
144.1	0.92779	0
144.2	0.927933	0
144.3	0.928128	0
144.4	0.928366	0
144.5	0.928639	0
144.6	0.928935	0
144.7	0.929245	0
144.8	0.929558	0
144.9	0.929866	0
145	0.930159	0
145.1	0.930429	0
145.2	0.930669	0
145.3	0.930873	0
145.4	0.931038	0
145.5	0.931158	0
145.6	0.931235	0
145.7	0.931266	0
145.8	0.931253	0
145.9	0.931198	0
146	0.931105	0
146.1	0.930977	0
146.2	0.930821	0
146.3	0.93064	0
146.4	0.930442	0
146.5	0.930232	0
146.6	0.930016	0
146.7	0.9298	0
146.8	0.929591	0
146.9	0.929391	0
147	0.929208	0
147.1	0.929044	0
147.2	0.928902	0
147.3	0.928785	0
147.4	0.928696	0
147.5	0.928633	0
147.6	0.928598	0
147.7	0.928591	0
147.8	0.928609	0
147.9	0.92865	0
148	0.928714	0
148.1	0.928796	0
148.2	0.928895	0
148.3	0.929005	0
148.4	0.929126	0
148.5	0.929251	0
148.6	0.92938	0
148.7	0.929508	0
148.8	0.929632	0
148.9	0.92975	0
149	0.92986	0
149.1	0.929959	0
149.2	0.930046	0
149.3	0.930119	0
149.4	0.930179	0
149.5	0.930224	0
149.6	0.930254	0
149.7	0.930271	0
149.8	0.930273	0
149.9	0.930263	0
150	0.930242	0
150.1	1.22315	0
150.2	1.52085	0
150.3	1.75025	0
150.4	1.89928	0
150.5	1.97933	0
150.6	2.00767	0
150.7	2.00038	0
150.8	1.97005	0
150.9	1.92584	0
151	1.87405	0
151.1	1.81894	0
151.2	1.76333	0
151.3	1.70909	0
151.4	1.65747	0
151.5	1.60925	0
151.6	1.56493	0
151.7	1.52475	0
151.8	1.48881	0
151.9	1.45703	0
152	1.42925	0
152.1	1.4052	0
152.2	1.38456	0
152.3	1.36694	0
152.4	1.35192	0
152.5	1.33905	0
152.6	1.32787	0
152.7	1.31792	0
152.8	1.30876	0
152.9	1.29996	0
153	1.29112	0
153.1	1.28188	0
153.2	1.27192	0
153.3	1.26097	0
153.4	1.2488	0
153.5	1.23525	0
153.6	1.22017	0
153.7	1.20351	0
153.8	1.18521	0
153.9	1.1653	0
154	1.14381	0
154.1	1.12083	0
154.2	1.09644	0
154.3	1.07077	0
154.4	1.04396	0
154.5	1.01615	0
154.6	0.987491	0
154.7	0.958123	0
154.8	0.92819	0
154.9	0.897826	0
155	0.867151	0
155.1	0.836273	0
155.2	0.805283	0
155.3	0.774253	0
155.4	0.743242	0
155.5	0.712287	0
155.6	0.681408	0
155.7	0.65061	0
155.8	0.61988	0
155.9	0.589192	0
156	0.558507	0
156.1	0.527775	0
156.2	0.496937	0
156.3	0.46593	0
156.4	0.434683	0
156.5	0.403126	0
156.6	0.37119	0
156.7	0.338809	0
156.8	0.305923	0
156.9	0.272481	0
157	0.238446	0
157.1	0.203793	0
157.2	0.168517	0
157.3	0.132634	0
157.4	0.0961835	0
157.5	0.0592329	0
157.6	0.0218807	0
157.7	-0.0157409	0
157.8	-0.0534622	0
157.9	-0.0910736	0
158	-0.128323	0
158.1	-0.164913	0
158.2	-0.200503	0
158.3	-0.234702	0
158.4	-0.267078	0
158.5	-0.297154	0
158.6	-0.324415	0
158.7	-0.348312	0
158.8	-0.368272	0
158.9	-0.38371	0
159	-0.39404	0
159.1	-0.398691	0
159.2	-0.397133	0
159.3	-0.388899	0
159.4	-0.373612	0
159.5	-0.351023	0
159.6	-0.32104	0
159.7	-0.283774	0
159.8	-0.239564	0
159.9	-0.189013	0
160	-0.132995	0
160.1	-0.0726557	0
160.2	-0.00937754	0
160.3	0.0552734	0
160.4	0.119628	0
160.5	0.182007	0
160.6	0.240823	0
160.7	0.294665	0
160.8	0.342377	0
160.9	0.383096	0
161	0.416274	0
161.1	0.441674	0
161.2	0.45934	0
161.3	0.469565	0
161.4	0.472839	0
161.5	0.469808	0
161.6	0.461229	0
161.7	0.447926	0
161.8	0.430758	0
161.9	0.410587	0
162	0.388258	0
162.1	0.364575	0
162.2	0.340292	0
162.3	0.316096	0
162.4	0.292601	0
162.5	0.270342	0
162.6	0.249775	0
162.7	0.231267	0
162.8	0.215101	0
162.9	0.201479	0
163	0.19052	0
163.1	0.182266	0
163.2	0.176689	0
163.3	0.173697	0
163.4	0.17314	0
163.5	0.174821	0
163.6	0.178505	0
163.7	0.183925	0
163.8	0.190795	0
163.9	0.198821	0
164	0.207703	0
164.1	0.21715	0
164.2	0.226881	0
164.3	0.236637	0
164.4	0.246182	0
164.5	0.255309	0
164.6	0.263838	0
164.7	0.271627	0
164.8	0.278562	0
164.9	0.284562	0
165	0.28958	0
165.1	0.293595	0
165.2	0.296614	0
165.3	0.298668	0
165.4	0.299806	0
165.5	0.300097	0
165.6	0.299623	0
165.7	0.298473	0
165.8	0.296746	0
165.9	0.294543	0
166	0.291965	0
166.1	0.289113	0
166.2	0.286081	0
166.3	0.282958	0
166.4	0.279827	0
166.5	0.27676	0
166.6	0.273819	0
166.7	0.271059	0
166.8	0.268522	0
166.9	0.266241	0
167	0.264239	0
167.1	0.262529	0
167.2	0.261118	0
167.3	0.260002	0
167.4	0.259173	0
167.5	0.258617	0
167.6	0.258314	0
167.7	0.258241	0
167.8	0.258373	0
167.9	0.258681	0
168	0.259138	0
168.1	0.259715	0
168.2	0.260384	0
168.3	0.261119	0
168.4	0.261893	0
168.5	0.262685	0
168.6	0.263474	0
168.7	0.264241	0
168.8	0.264971	0
168.9	0.265652	0
169	0.266274	0
169.1	0.26683	0
169.2	0.267314	0
169.3	0.267725	0
169.4	0.268062	0
169.5	0.268327	0
169.6	0.268523	0
169.7	0.268653	0
169.8	0.268724	0
169.9	0.268742	0
170	0.268713	0
170.1	0.268644	0
170.2	0.268542	0
170.3	0.268414	0
170.4	0.268267	0
170.5	0.268107	0
170.6	0.26794	0
170.7	0.26777	0
170.8	0.267604	0
170.9	0.267443	0
171	0.267292	0
171.1	0.267153	0
171.2	0.267028	0
171.3	0.266918	0
171.4	0.266824	0
171.5	0.266746	0
171.6	0.266683	0
171.7	0.266636	0
171.8	0.266603	0
171.9	0.266583	0
172	0.266575	0
172.1	0.266577	0
172.2	0.266587	0
172.3	0.266605	0
172.4	0.266628	0
172.5	0.266656	0
172.6	0.266686	0
172.7	0.266717	0
172.8	0.266749	0
172.9	0.266781	0
173	0.266811	0
173.1	0.266839	0
173.2	0.266865	0
173.3	0.266888	0
173.4	0.266907	0
173.5	0.266924	0
173.6	0.266937	0
173.7	0.266948	0
173.8	0.266955	0
173.9	0.26696	0
174	0.266963	0
174.1	0.266963	0
174.2	0.266961	0
174.3	0.266959	0
174.4	0.266955	0
174.5	0.26695	0
174.6	0.266945	0
174.7	0.266939	0
174.8	0.266934	0
174.9	0.266928	0
175	0.266923	0
175.1	-0.0260252	0
175.2	-0.323814	0
175.3	-0.55337	0
175.4	-0.702655	0
175.5	-0.783067	0
175.6	-0.811875	0
175.7	-0.805051	0
175.8	-0.775082	0
175.9	-0.730923	0
176	-0.678661	0
176.1	-0.622303	0
176.2	-0.564432	0
176.3	-0.506694	0
176.4	-0.450123	0
176.5	-0.395357	0
176.6	-0.342772	0
176.7	-0.292559	0
176.8	-0.24478	0
176.9	-0.199397	0
177	-0.156298	0
177.1	-0.11531	0
177.2	-0.076217	0
177.3	-0.0387696	0
177.4	-0.00270146	0
177.5	0.0322606	0
177.6	0.0663834	0
177.7	0.0999153	0
177.8	0.133074	0
177.9	0.166036	0
178	0.198926	0
178.1	0.231809	0
178.2	0.264687	0
178.3	0.297494	0
178.4	0.330099	0
178.5	0.362313	0
178.6	0.393897	0
178.7	0.424578	0
178.8	0.454059	0
178.9	0.482044	0
179	0.50825	0
179.1	0.532427	0
179.2	0.554368	0
179.3	0.573925	0
179.4	0.591012	0
179.5	0.605612	0
179.6	0.617774	0
179.7	0.627614	0
179.8	0.635304	0
179.9	0.641072	0
180	0.645187	0
180.1	0.647952	0
180.2	0.649696	0
180.3	0.65076	0
180.4	0.651491	0
180.5	0.65223	0
180.6	0.653307	0
180.7	0.655028	0
180.8	0.657672	0
180.9	0.661478	0
181	0.666647	0
181.1	0.673328	0
181.2	0.681615	0
181.3	0.691547	0
181.4	0.7031	0
181.5	0.71619	0
181.6	0.730673	0
181.7	0.746352	0
181.8	0.762983	0
181.9	0.780285	0
182	0.797953	0
182.1	0.815672	0
182.2	0.833129	0
182.3	0.850028	0
182.4	0.866101	0
182.5	0.881117	0
182.6	0.894891	0
182.7	0.907285	0
182.8	0.918211	0
182.9	0.927631	0
183	0.935551	0
183.1	0.942016	0
183.2	0.947105	0
183.3	0.950923	0
183.4	0.953592	0
183.5	0.955245	0
183.6	0.956019	0
183.7	0.956047	0
183.8	0.955453	0
183.9	0.954352	0
184	0.95284	0
184.1	0.950999	0
184.2	0.948894	0
184.3	0.946572	0
184.4	0.944068	0
184.5	0.941403	0
184.6	0.93859	0
184.7	0.935638	0
184.8	0.932549	0
184.9	0.929331	0
185	0.925991	0
185.1	0.922547	0
185.2	0.919021	0
185.3	0.915447	0
185.4	0.911866	0
185.5	0.908329	0
185.6	0.904897	0
185.7	0.901636	0
185.8	0.898614	0
185.9	0.895903	0
186	0.893574	0
186.1	0.89169	0
186.2	0.890309	0
186.3	0.889479	0
186.4	0.889234	0
186.5	0.889593	0
186.6	0.890562	0
186.7	0.892128	0
186.8	0.894264	0
186.9	0.896925	0
187	0.900053	0
187.1	0.903577	0
187.2	0.907417	0
187.3	0.911482	0
187.4	0.915679	0
187.5	0.919913	0
187.6	0.924086	0
187.7	0.928109	0
187.8	0.931895	0
187.9	0.935366	0
188	0.938458	0
188.1	0.941115	0
188.2	0.943296	0
188.3	0.944975	0
188.4	0.946138	0
188.5	0.946786	0
188.6	0.946934	0
188.7	0.946608	0
188.8	0.945848	0
188.9	0.9447	0
189	0.943221	0
189.1	0.941471	0
189.2	0.939515	0
189.3	0.937421	0
189.4	0.935255	0
189.5	0.933082	0
189.6	0.930962	0
189.7	0.928951	0
189.8	0.927097	0
189.9	0.925441	0
190	0.924015	0
190.1	0.922844	0
190.2	0.921943	0
190.3	0.921316	0
190.4	0.920962	0
190.5	0.92087	0
190.6	0.921022	0
190.7	0.921396	0
190.8	0.921962	0
190.9	0.92269	0
191	0.923544	0
191.1	0.924488	0
191.2	0.925487	0
191.3	0.926506	0
191.4	0.927512	0
191.5	0.928475	0
191.6	0.929369	0
191.7	0.930171	0
191.8	0.930864	0
191.9	0.931434	0
192	0.931873	0
192.1	0.932179	0
192.2	0.932352	0
192.3	0.932397	0
192.4	0.932324	0
192.5	0.932144	0
192.6	0.931873	0
192.7	0.931526	0
192.8	0.931122	0
192.9	0.93068	0
193	0.930217	0
193.1	0.929752	0
193.2	0.929301	0
193.3	0.92888	0
193.4	0.928502	0
193.5	0.928178	0
193.6	0.927916	0
193.7	0.927723	0
193.8	0.927601	0
193.9	0.927552	0
194	0.927575	0
194.1	0.927664	0
194.2	0.927816	0
194.3	0.928021	0
194.4	0.928273	0
194.5	0.928561	0
194.6	0.928874	0
194.7	0.929203	0
194.8	0.929537	0
194.9	0.929865	0
195	0.930178	0
195.1	0.930468	0
195.2	0.930728	0
195.3	0.93095	0
195.4	0.93113	0
195.5	0.931265	0
195.6	0.931353	0
195.7	0.931393	0
195.8	0.931386	0
195.9	0.931335	0
196	0.931242	0
196.1	0.931111	0
196.2	0.930949	0
196.3	0.93076	0
196.4	0.930551	0
196.5	0.930327	0
196.6	0.930096	0
196.7	0.929864	0
196.8	0.929636	0
196.9	0.929418	0
197	0.929215	0
197.1	0.929032	0
197.2	0.928872	0
197.3	0.928738	0
197.4	0.928631	0
197.5	0.928554	0
197.6	0.928506	0
197.7	0.928487	0
197.8	0.928496	0
197.9	0.928531	0
198	0.92859	0
198.1	0.928671	0
198.2	0.928769	0
198.3	0.928882	0
198.4	0.929007	0
198.5	0.929139	0
198.6	0.929275	0
198.7	0.929413	0
198.8	0.929548	0
198.9	0.929677	0
199	0.929799	0
199.1	0.92991	0
199.2	0.93001	0
199.3	0.930096	0
199.4	0.930167	0
199.5	0.930223	0
199.6	0.930264	0
199.7	0.930289	0
199.8	0.9303	0
199.9	0.930297	0
200	0.930281	0
200.1	1.22319	0
200.2	1.5209	0
200.3	1.7503	0
200.4	1.89933	0
200.5	1.97937	0
200.6	2.00772	0
200.7	2.00042	0
200.8	1.97009	0
200.9	1.92588	0
201	1.87408	0
201.1	1.81896	0
201.2	1.76335	0
201.3	1.70911	0
201.4	1.65748	0
201.5	1.60926	0
201.6	1.56493	0
201.7	1.52475	0
201.8	1.4888	0
201.9	1.45701	0
