#Phi(JJ3)
0	0.00125437	0
0.1	0.0034876	0
0.2	0.00653968	0
0.3	0.0103028	0
0.4	0.0146912	0
0.5	0.0196283	0
0.6	0.0250426	0
0.7	0.0308668	0
0.8	0.0370392	0
0.9	0.0435035	0
1	0.0502099	0
1.1	0.0571153	0
1.2	0.0641822	0
1.3	0.0713786	0
1.4	0.0786769	0
1.5	0.086053	0
1.6	0.0934853	0
1.7	0.100953	0
1.8	0.108438	0
1.9	0.115918	0
2	0.123372	0
2.1	0.130779	0
2.2	0.138113	0
2.3	0.145346	0
2.4	0.152451	0
2.5	0.159396	0
2.6	0.166148	0
2.7	0.172674	0
2.8	0.178938	0
2.9	0.184906	0
3	0.190543	0
3.1	0.195815	0
3.2	0.200692	0
3.3	0.205145	0
3.4	0.209147	0
3.5	0.212678	0
3.6	0.215719	0
3.7	0.218258	0
3.8	0.220288	0
3.9	0.221805	0
4	0.222814	0
4.1	0.223322	0
4.2	0.223344	0
4.3	0.222898	0
4.4	0.222008	0
4.5	0.220702	0
4.6	0.219012	0
4.7	0.216974	0
4.8	0.214627	0
4.9	0.212011	0
5	0.209168	0
5.1	0.206141	0
5.2	0.202975	0
5.3	0.199713	0
5.4	0.196396	0
5.5	0.193067	0
5.6	0.189763	0
5.7	0.186522	0
5.8	0.183376	0
5.9	0.180358	0
6	0.177494	0
6.1	0.174807	0
6.2	0.172318	0
6.3	0.170042	0
6.4	0.167992	0
6.5	0.166175	0
6.6	0.164598	0
6.7	0.163262	0
6.8	0.162164	0
6.9	0.1613	0
7	0.160663	0
7.1	0.160243	0
7.2	0.160027	0
7.3	0.160003	0
7.4	0.160154	0
7.5	0.160466	0
7.6	0.16092	0
7.7	0.161499	0
7.8	0.162186	0
7.9	0.162963	0
8	0.163812	0
8.1	0.164717	0
8.2	0.165661	0
8.3	0.16663	0
8.4	0.167608	0
8.5	0.168584	0
8.6	0.169544	0
8.7	0.170479	0
8.8	0.171379	0
8.9	0.172236	0
9	0.173042	0
9.1	0.173794	0
9.2	0.174486	0
9.3	0.175115	0
9.4	0.17568	0
9.5	0.176179	0
9.6	0.176612	0
9.7	0.17698	0
9.8	0.177286	0
9.9	0.17753	0
10	0.177716	0
10.1	0.177846	0
10.2	0.177926	0
10.3	0.177958	0
10.4	0.177947	0
10.5	0.177897	0
10.6	0.177812	0
10.7	0.177697	0
10.8	0.177556	0
10.9	0.177393	0
11	0.177213	0
11.1	0.177019	0
11.2	0.176814	0
11.3	0.176603	0
11.4	0.176388	0
11.5	0.176173	0
11.6	0.17596	0
11.7	0.175751	0
11.8	0.175548	0
11.9	0.175353	0
12	0.175168	0
12.1	0.174994	0
12.2	0.174832	0
12.3	0.174683	0
12.4	0.174546	0
12.5	0.174423	0
12.6	0.174314	0
12.7	0.174219	0
12.8	0.174136	0
12.9	0.174067	0
13	0.174011	0
13.1	0.173967	0
13.2	0.173934	0
13.3	0.173912	0
13.4	0.173899	0
13.5	0.173896	0
13.6	0.173902	0
13.7	0.173915	0
13.8	0.173934	0
13.9	0.17396	0
14	0.17399	0
14.1	0.174024	0
14.2	0.174062	0
14.3	0.174103	0
14.4	0.174145	0
14.5	0.174188	0
14.6	0.174232	0
14.7	0.174276	0
14.8	0.17432	0
14.9	0.174362	0
15	0.174403	0
15.1	0.174443	0
15.2	0.17448	0
15.3	0.174515	0
15.4	0.174547	0
15.5	0.174577	0
15.6	0.174604	0
15.7	0.174628	0
15.8	0.17465	0
15.9	0.174668	0
16	0.174684	0
16.1	0.174697	0
16.2	0.174707	0
16.3	0.174715	0
16.4	0.17472	0
16.5	0.174723	0
16.6	0.174725	0
16.7	0.174724	0
16.8	0.174722	0
16.9	0.174718	0
17	0.174713	0
17.1	0.174707	0
17.2	0.1747	0
17.3	0.174692	0
17.4	0.174684	0
17.5	0.174675	0
17.6	0.174666	0
17.7	0.174657	0
17.8	0.174648	0
17.9	0.174639	0
18	0.17463	0
18.1	0.174622	0
18.2	0.174614	0
18.3	0.174606	0
18.4	0.174599	0
18.5	0.174593	0
18.6	0.174587	0
18.7	0.174581	0
18.8	0.174577	0
18.9	0.174573	0
19	0.174569	0
19.1	0.174566	0
19.2	0.174564	0
19.3	0.174562	0
19.4	0.174561	0
19.5	0.17456	0
19.6	0.17456	0
19.7	0.174559	0
19.8	0.17456	0
19.9	0.17456	0
20	0.174561	0
20.1	0.174562	0
20.2	0.174564	0
20.3	0.174565	0
20.4	0.174566	0
20.5	0.174568	0
20.6	0.17457	0
20.7	0.174571	0
20.8	0.174573	0
20.9	0.174575	0
21	0.174576	0
21.1	0.174578	0
21.2	0.174579	0
21.3	0.174581	0
21.4	0.174582	0
21.5	0.174583	0
21.6	0.174584	0
21.7	0.174585	0
21.8	0.174586	0
21.9	0.174587	0
22	0.174587	0
22.1	0.174588	0
22.2	0.174588	0
22.3	0.174589	0
22.4	0.174589	0
22.5	0.174589	0
22.6	0.174589	0
22.7	0.174589	0
22.8	0.174589	0
22.9	0.174589	0
23	0.174589	0
23.1	0.174589	0
23.2	0.174589	0
23.3	0.174588	0
23.4	0.174588	0
23.5	0.174588	0
23.6	0.174588	0
23.7	0.174587	0
23.8	0.174587	0
23.9	0.174587	0
24	0.174587	0
24.1	0.174586	0
24.2	0.174586	0
24.3	0.174586	0
24.4	0.174586	0
24.5	0.174586	0
24.6	0.174585	0
24.7	0.174585	0
24.8	0.174585	0
24.9	0.174585	0
25	0.170359	0
25.1	0.158039	0
25.2	0.135155	0
25.3	0.100695	0
25.4	0.0548106	0
25.5	-0.00154047	0
25.6	-0.0669051	0
25.7	-0.139572	0
25.8	-0.217738	0
25.9	-0.299628	0
26	-0.383561	0
26.1	-0.468005	0
26.2	-0.551598	0
26.3	-0.633162	0
26.4	-0.711705	0
26.5	-0.78641	0
26.6	-0.856631	0
26.7	-0.92187	0
26.8	-0.981764	0
26.9	-1.03606	0
27	-1.08462	0
27.1	-1.12737	0
27.2	-1.1643	0
27.3	-1.19547	0
27.4	-1.22098	0
27.5	-1.24094	0
27.6	-1.25552	0
27.7	-1.26489	0
27.8	-1.26924	0
27.9	-1.26878	0
28	-1.26371	0
28.1	-1.25428	0
28.2	-1.24073	0
28.3	-1.2233	0
28.4	-1.20226	0
28.5	-1.17788	0
28.6	-1.15046	0
28.7	-1.1203	0
28.8	-1.0877	0
28.9	-1.05301	0
29	-1.01654	0
29.1	-0.978637	0
29.2	-0.939652	0
29.3	-0.899929	0
29.4	-0.859811	0
29.5	-0.819637	0
29.6	-0.779733	0
29.7	-0.74041	0
29.8	-0.701962	0
29.9	-0.664656	0
30	-0.628736	0
30.1	-0.594416	0
30.2	-0.561878	0
30.3	-0.531268	0
30.4	-0.502704	0
30.5	-0.476263	0
30.6	-0.451993	0
30.7	-0.429909	0
30.8	-0.409994	0
30.9	-0.392204	0
31	-0.376471	0
31.1	-0.362705	0
31.2	-0.350796	0
31.3	-0.340624	0
31.4	-0.332053	0
31.5	-0.324942	0
31.6	-0.319146	0
31.7	-0.314515	0
31.8	-0.310901	0
31.9	-0.30816	0
32	-0.306147	0
32.1	-0.304728	0
32.2	-0.303771	0
32.3	-0.303154	0
32.4	-0.302761	0
32.5	-0.302486	0
32.6	-0.302233	0
32.7	-0.301914	0
32.8	-0.301453	0
32.9	-0.300785	0
33	-0.299855	0
33.1	-0.29862	0
33.2	-0.297049	0
33.3	-0.29512	0
33.4	-0.292825	0
33.5	-0.290165	0
33.6	-0.28715	0
33.7	-0.283801	0
33.8	-0.280147	0
33.9	-0.276224	0
34	-0.272075	0
34.1	-0.267747	0
34.2	-0.263291	0
34.3	-0.258761	0
34.4	-0.254213	0
34.5	-0.249699	0
34.6	-0.245274	0
34.7	-0.240987	0
34.8	-0.236885	0
34.9	-0.233012	0
35	-0.229403	0
35.1	-0.22609	0
35.2	-0.223099	0
35.3	-0.220448	0
35.4	-0.218149	0
35.5	-0.21621	0
35.6	-0.21463	0
35.7	-0.213404	0
35.8	-0.212522	0
35.9	-0.211968	0
36	-0.211724	0
36.1	-0.211768	0
36.2	-0.212075	0
36.3	-0.212619	0
36.4	-0.213371	0
36.5	-0.214304	0
36.6	-0.215389	0
36.7	-0.216597	0
36.8	-0.217902	0
36.9	-0.219276	0
37	-0.220695	0
37.1	-0.222135	0
37.2	-0.223574	0
37.3	-0.224993	0
37.4	-0.226374	0
37.5	-0.227701	0
37.6	-0.228959	0
37.7	-0.230137	0
37.8	-0.231223	0
37.9	-0.23221	0
38	-0.23309	0
38.1	-0.233858	0
38.2	-0.23451	0
38.3	-0.235043	0
38.4	-0.235457	0
38.5	-0.235752	0
38.6	-0.235929	0
38.7	-0.235991	0
38.8	-0.235942	0
38.9	-0.235788	0
39	-0.235533	0
39.1	-0.235185	0
39.2	-0.234752	0
39.3	-0.234241	0
39.4	-0.233664	0
39.5	-0.233028	0
39.6	-0.232345	0
39.7	-0.231624	0
39.8	-0.230877	0
39.9	-0.230114	0
40	-0.229345	0
40.1	-0.228581	0
40.2	-0.227832	0
40.3	-0.227106	0
40.4	-0.226413	0
40.5	-0.22576	0
40.6	-0.225154	0
40.7	-0.224601	0
40.8	-0.224105	0
40.9	-0.223669	0
41	-0.223297	0
41.1	-0.22299	0
41.2	-0.222747	0
41.3	-0.222568	0
41.4	-0.222451	0
41.5	-0.222392	0
41.6	-0.222388	0
41.7	-0.222435	0
41.8	-0.222527	0
41.9	-0.222658	0
42	-0.222823	0
42.1	-0.223016	0
42.2	-0.22323	0
42.3	-0.223458	0
42.4	-0.223696	0
42.5	-0.223937	0
42.6	-0.224177	0
42.7	-0.224409	0
42.8	-0.22463	0
42.9	-0.224836	0
43	-0.225024	0
43.1	-0.225192	0
43.2	-0.225338	0
43.3	-0.22546	0
43.4	-0.225559	0
43.5	-0.225634	0
43.6	-0.225686	0
43.7	-0.225715	0
43.8	-0.225724	0
43.9	-0.225714	0
44	-0.225687	0
44.1	-0.225646	0
44.2	-0.225592	0
44.3	-0.225528	0
44.4	-0.225457	0
44.5	-0.225381	0
44.6	-0.225301	0
44.7	-0.225221	0
44.8	-0.225142	0
44.9	-0.225065	0
45	-0.224992	0
45.1	-0.224924	0
45.2	-0.224861	0
45.3	-0.224805	0
45.4	-0.224756	0
45.5	-0.224714	0
45.6	-0.224679	0
45.7	-0.22465	0
45.8	-0.224628	0
45.9	-0.224611	0
46	-0.2246	0
46.1	-0.224593	0
46.2	-0.224591	0
46.3	-0.224591	0
46.4	-0.224595	0
46.5	-0.2246	0
46.6	-0.224607	0
46.7	-0.224614	0
46.8	-0.224622	0
46.9	-0.22463	0
47	-0.224638	0
47.1	-0.224646	0
47.2	-0.224653	0
47.3	-0.22466	0
47.4	-0.224666	0
47.5	-0.224671	0
47.6	-0.224676	0
47.7	-0.224681	0
47.8	-0.224686	0
47.9	-0.224691	0
48	-0.224695	0
48.1	-0.224701	0
48.2	-0.224706	0
48.3	-0.224712	0
48.4	-0.224719	0
48.5	-0.224727	0
48.6	-0.224735	0
48.7	-0.224743	0
48.8	-0.224752	0
48.9	-0.224762	0
49	-0.224772	0
49.1	-0.224782	0
49.2	-0.224791	0
49.3	-0.224801	0
49.4	-0.22481	0
49.5	-0.224818	0
49.6	-0.224826	0
49.7	-0.224832	0
49.8	-0.224838	0
49.9	-0.224842	0
50	-0.220618	0
50.1	-0.208295	0
50.2	-0.185403	0
50.3	-0.150922	0
50.4	-0.105001	0
50.5	-0.0485879	0
50.6	0.0168698	0
50.7	0.08967	0
50.8	0.168022	0
50.9	0.250163	0
51	0.334431	0
51.1	0.419319	0
51.2	0.503496	0
51.3	0.585826	0
51.4	0.665365	0
51.5	0.741362	0
51.6	0.813243	0
51.7	0.880595	0
51.8	0.943153	0
51.9	1.00078	0
52	1.05344	0
52.1	1.10119	0
52.2	1.14418	0
52.3	1.18259	0
52.4	1.21665	0
52.5	1.24665	0
52.6	1.27288	0
52.7	1.29565	0
52.8	1.31528	0
52.9	1.33209	0
53	1.34641	0
53.1	1.35856	0
53.2	1.36882	0
53.3	1.37752	0
53.4	1.38491	0
53.5	1.39127	0
53.6	1.39686	0
53.7	1.40189	0
53.8	1.40659	0
53.9	1.41115	0
54	1.41575	0
54.1	1.42056	0
54.2	1.42571	0
54.3	1.43133	0
54.4	1.43753	0
54.5	1.44441	0
54.6	1.45205	0
54.7	1.46051	0
54.8	1.46986	0
54.9	1.48013	0
55	1.49136	0
55.1	1.50357	0
55.2	1.5168	0
55.3	1.53105	0
55.4	1.54633	0
55.5	1.56266	0
55.6	1.58003	0
55.7	1.59847	0
55.8	1.61797	0
55.9	1.63855	0
56	1.66023	0
56.1	1.68301	0
56.2	1.70693	0
56.3	1.73201	0
56.4	1.7583	0
56.5	1.78584	0
56.6	1.81468	0
56.7	1.84488	0
56.8	1.87653	0
56.9	1.9097	0
57	1.9445	0
57.1	1.98102	0
57.2	2.0194	0
57.3	2.05978	0
57.4	2.1023	0
57.5	2.14713	0
57.6	2.19446	0
57.7	2.2445	0
57.8	2.29748	0
57.9	2.35363	0
58	2.41323	0
58.1	2.47658	0
58.2	2.54399	0
58.3	2.61581	0
58.4	2.6924	0
58.5	2.77418	0
58.6	2.86155	0
58.7	2.95497	0
58.8	3.05489	0
58.9	3.16177	0
59	3.27609	0
59.1	3.39826	0
59.2	3.52867	0
59.3	3.66761	0
59.4	3.81526	0
59.5	3.9716	0
59.6	4.13638	0
59.7	4.3091	0
59.8	4.48888	0
59.9	4.6745	0
60	4.86436	0
60.1	5.05653	0
60.2	5.24879	0
60.3	5.43877	0
60.4	5.624	0
60.5	5.80215	0
60.6	5.97104	0
60.7	6.12883	0
60.8	6.27403	0
60.9	6.40555	0
61	6.5227	0
61.1	6.62517	0
61.2	6.71296	0
61.3	6.78639	0
61.4	6.84598	0
61.5	6.89246	0
61.6	6.92667	0
61.7	6.94957	0
61.8	6.96219	0
61.9	6.96557	0
62	6.96081	0
62.1	6.94896	0
62.2	6.93108	0
62.3	6.9082	0
62.4	6.8813	0
62.5	6.85129	0
62.6	6.81905	0
62.7	6.78536	0
62.8	6.75097	0
62.9	6.71651	0
63	6.68256	0
63.1	6.64961	0
63.2	6.61807	0
63.3	6.58828	0
63.4	6.56049	0
63.5	6.53489	0
63.6	6.51162	0
63.7	6.49073	0
63.8	6.47225	0
63.9	6.45615	0
64	6.44235	0
64.1	6.43076	0
64.2	6.42124	0
64.3	6.41366	0
64.4	6.40785	0
64.5	6.40364	0
64.6	6.40087	0
64.7	6.39936	0
64.8	6.39894	0
64.9	6.39945	0
65	6.40074	0
65.1	6.40266	0
65.2	6.40508	0
65.3	6.40789	0
65.4	6.41097	0
65.5	6.41424	0
65.6	6.41761	0
65.7	6.42102	0
65.8	6.4244	0
65.9	6.42771	0
66	6.43092	0
66.1	6.43399	0
66.2	6.4369	0
66.3	6.43964	0
66.4	6.4422	0
66.5	6.44458	0
66.6	6.44677	0
66.7	6.44877	0
66.8	6.4506	0
66.9	6.45227	0
67	6.45376	0
67.1	6.45511	0
67.2	6.45631	0
67.3	6.45738	0
67.4	6.45832	0
67.5	6.45914	0
67.6	6.45985	0
67.7	6.46047	0
67.8	6.46099	0
67.9	6.46142	0
68	6.46178	0
68.1	6.46206	0
68.2	6.46227	0
68.3	6.46242	0
68.4	6.46251	0
68.5	6.46255	0
68.6	6.46255	0
68.7	6.46249	0
68.8	6.4624	0
68.9	6.46228	0
69	6.46212	0
69.1	6.46194	0
69.2	6.46173	0
69.3	6.46151	0
69.4	6.46127	0
69.5	6.46101	0
69.6	6.46076	0
69.7	6.46049	0
69.8	6.46023	0
69.9	6.45996	0
70	6.4597	0
70.1	6.45945	0
70.2	6.45921	0
70.3	6.45898	0
70.4	6.45875	0
70.5	6.45855	0
70.6	6.45835	0
70.7	6.45818	0
70.8	6.45801	0
70.9	6.45787	0
71	6.45774	0
71.1	6.45762	0
71.2	6.45753	0
71.3	6.45744	0
71.4	6.45737	0
71.5	6.45731	0
71.6	6.45727	0
71.7	6.45723	0
71.8	6.45721	0
71.9	6.4572	0
72	6.45719	0
72.1	6.45719	0
72.2	6.4572	0
72.3	6.45721	0
72.4	6.45723	0
72.5	6.45725	0
72.6	6.45727	0
72.7	6.45729	0
72.8	6.45732	0
72.9	6.45735	0
73	6.45737	0
73.1	6.4574	0
73.2	6.45743	0
73.3	6.45746	0
73.4	6.45748	0
73.5	6.45751	0
73.6	6.45753	0
73.7	6.45756	0
73.8	6.45758	0
73.9	6.4576	0
74	6.45762	0
74.1	6.45764	0
74.2	6.45766	0
74.3	6.45768	0
74.4	6.45769	0
74.5	6.45771	0
74.6	6.45772	0
74.7	6.45774	0
74.8	6.45775	0
74.9	6.45776	0
75	6.45354	0
75.1	6.44123	0
75.2	6.41836	0
75.3	6.38391	0
75.4	6.33803	0
75.5	6.28169	0
75.6	6.21633	0
75.7	6.14367	0
75.8	6.06551	0
75.9	5.98362	0
76	5.89969	0
76.1	5.81525	0
76.2	5.73166	0
76.3	5.65009	0
76.4	5.57155	0
76.5	5.49685	0
76.6	5.42663	0
76.7	5.36139	0
76.8	5.30149	0
76.9	5.24719	0
77	5.19863	0
77.1	5.15588	0
77.2	5.11895	0
77.3	5.08778	0
77.4	5.06227	0
77.5	5.0423	0
77.6	5.02772	0
77.7	5.01835	0
77.8	5.014	0
77.9	5.01447	0
78	5.01953	0
78.1	5.02896	0
78.2	5.04251	0
78.3	5.05994	0
78.4	5.08098	0
78.5	5.10536	0
78.6	5.13278	0
78.7	5.16294	0
78.8	5.19553	0
78.9	5.23023	0
79	5.2667	0
79.1	5.3046	0
79.2	5.34358	0
79.3	5.3833	0
79.4	5.42342	0
79.5	5.46359	0
79.6	5.5035	0
79.7	5.54282	0
79.8	5.58127	0
79.9	5.61857	0
80	5.65449	0
80.1	5.68881	0
80.2	5.72135	0
80.3	5.75196	0
80.4	5.78052	0
80.5	5.80696	0
80.6	5.83123	0
80.7	5.85331	0
80.8	5.87323	0
80.9	5.89102	0
81	5.90675	0
81.1	5.92052	0
81.2	5.93243	0
81.3	5.9426	0
81.4	5.95117	0
81.5	5.95828	0
81.6	5.96408	0
81.7	5.96871	0
81.8	5.97232	0
81.9	5.97506	0
82	5.97708	0
82.1	5.9785	0
82.2	5.97946	0
82.3	5.98007	0
82.4	5.98047	0
82.5	5.98074	0
82.6	5.981	0
82.7	5.98132	0
82.8	5.98178	0
82.9	5.98245	0
83	5.98338	0
83.1	5.98462	0
83.2	5.98619	0
83.3	5.98812	0
83.4	5.99042	0
83.5	5.99308	0
83.6	5.9961	0
83.7	5.99945	0
83.8	6.0031	0
83.9	6.00703	0
84	6.01118	0
84.1	6.01551	0
84.2	6.01996	0
84.3	6.02449	0
84.4	6.02904	0
84.5	6.03355	0
84.6	6.03798	0
84.7	6.04226	0
84.8	6.04636	0
84.9	6.05024	0
85	6.05385	0
85.1	6.05716	0
85.2	6.06015	0
85.3	6.0628	0
85.4	6.0651	0
85.5	6.06703	0
85.6	6.06861	0
85.7	6.06984	0
85.8	6.07072	0
85.9	6.07128	0
86	6.07152	0
86.1	6.07148	0
86.2	6.07117	0
86.3	6.07063	0
86.4	6.06988	0
86.5	6.06894	0
86.6	6.06786	0
86.7	6.06665	0
86.8	6.06535	0
86.9	6.06397	0
87	6.06256	0
87.1	6.06112	0
87.2	6.05968	0
87.3	6.05826	0
87.4	6.05688	0
87.5	6.05555	0
87.6	6.0543	0
87.7	6.05312	0
87.8	6.05203	0
87.9	6.05105	0
88	6.05017	0
88.1	6.0494	0
88.2	6.04875	0
88.3	6.04821	0
88.4	6.0478	0
88.5	6.04751	0
88.6	6.04733	0
88.7	6.04727	0
88.8	6.04732	0
88.9	6.04747	0
89	6.04773	0
89.1	6.04808	0
89.2	6.04851	0
89.3	6.04902	0
89.4	6.0496	0
89.5	6.05024	0
89.6	6.05092	0
89.7	6.05164	0
89.8	6.05239	0
89.9	6.05315	0
90	6.05392	0
90.1	6.05469	0
90.2	6.05544	0
90.3	6.05616	0
90.4	6.05685	0
90.5	6.05751	0
90.6	6.05811	0
90.7	6.05866	0
90.8	6.05916	0
90.9	6.05959	0
91	6.05996	0
91.1	6.06027	0
91.2	6.06051	0
91.3	6.06069	0
91.4	6.0608	0
91.5	6.06086	0
91.6	6.06086	0
91.7	6.06082	0
91.8	6.06072	0
91.9	6.06059	0
92	6.06042	0
92.1	6.06023	0
92.2	6.06002	0
92.3	6.05979	0
92.4	6.05955	0
92.5	6.05931	0
92.6	6.05907	0
92.7	6.05884	0
92.8	6.05861	0
92.9	6.05841	0
93	6.05822	0
93.1	6.05805	0
93.2	6.05791	0
93.3	6.05778	0
93.4	6.05769	0
93.5	6.05761	0
93.6	6.05756	0
93.7	6.05753	0
93.8	6.05752	0
93.9	6.05753	0
94	6.05755	0
94.1	6.05759	0
94.2	6.05764	0
94.3	6.05771	0
94.4	6.05777	0
94.5	6.05785	0
94.6	6.05793	0
94.7	6.058	0
94.8	6.05808	0
94.9	6.05815	0
95	6.05823	0
95.1	6.05829	0
95.2	6.05835	0
95.3	6.0584	0
95.4	6.05845	0
95.5	6.05849	0
95.6	6.05852	0
95.7	6.05855	0
95.8	6.05857	0
95.9	6.05858	0
96	6.05859	0
96.1	6.05859	0
96.2	6.0586	0
96.3	6.05859	0
96.4	6.05859	0
96.5	6.05858	0
96.6	6.05857	0
96.7	6.05856	0
96.8	6.05855	0
96.9	6.05854	0
97	6.05853	0
97.1	6.05853	0
97.2	6.05852	0
97.3	6.05851	0
97.4	6.0585	0
97.5	6.0585	0
97.6	6.05849	0
97.7	6.05849	0
97.8	6.05849	0
97.9	6.05848	0
98	6.05848	0
98.1	6.05847	0
98.2	6.05847	0
98.3	6.05846	0
98.4	6.05846	0
98.5	6.05845	0
98.6	6.05845	0
98.7	6.05844	0
98.8	6.05844	0
98.9	6.05843	0
99	6.05842	0
99.1	6.05841	0
99.2	6.05841	0
99.3	6.0584	0
99.4	6.05839	0
99.5	6.05839	0
99.6	6.05838	0
99.7	6.05838	0
99.8	6.05837	0
99.9	6.05837	0
100	6.05837	0
100.1	6.0626	0
100.2	6.07492	0
100.3	6.09782	0
100.4	6.1323	0
100.5	6.17822	0
100.6	6.23464	0
100.7	6.30009	0
100.8	6.37289	0
100.9	6.45125	0
101	6.53339	0
101.1	6.61765	0
101.2	6.70254	0
101.3	6.78672	0
101.4	6.86904	0
101.5	6.94858	0
101.6	7.02458	0
101.7	7.09646	0
101.8	7.16381	0
101.9	7.22636	0
102	7.28398	0
102.1	7.33664	0
102.2	7.3844	0
102.3	7.42738	0
102.4	7.46579	0
102.5	7.49985	0
102.6	7.52985	0
102.7	7.55607	0
102.8	7.57884	0
102.9	7.59847	0
103	7.61528	0
103.1	7.6296	0
103.2	7.64174	0
103.3	7.65201	0
103.4	7.6607	0
103.5	7.66809	0
103.6	7.67446	0
103.7	7.68004	0
103.8	7.68507	0
103.9	7.68977	0
104	7.69433	0
104.1	7.69894	0
104.2	7.70374	0
104.3	7.70889	0
104.4	7.71452	0
104.5	7.72072	0
104.6	7.7276	0
104.7	7.73524	0
104.8	7.74371	0
104.9	7.75305	0
105	7.76332	0
105.1	7.77455	0
105.2	7.78677	0
105.3	7.8	0
105.4	7.81425	0
105.5	7.82953	0
105.6	7.84586	0
105.7	7.86324	0
105.8	7.88168	0
105.9	7.90118	0
106	7.92177	0
106.1	7.94344	0
106.2	7.96623	0
106.3	7.99015	0
106.4	8.01523	0
106.5	8.04152	0
106.6	8.06906	0
106.7	8.09791	0
106.8	8.12811	0
106.9	8.15976	0
107	8.19294	0
107.1	8.22773	0
107.2	8.26426	0
107.3	8.30265	0
107.4	8.34303	0
107.5	8.38555	0
107.6	8.43038	0
107.7	8.47772	0
107.8	8.52777	0
107.9	8.58075	0
108	8.63691	0
108.1	8.69652	0
108.2	8.75987	0
108.3	8.82729	0
108.4	8.89911	0
108.5	8.97572	0
108.6	9.0575	0
108.7	9.14488	0
108.8	9.23831	0
108.9	9.33824	0
109	9.44514	0
109.1	9.55947	0
109.2	9.68165	0
109.3	9.81208	0
109.4	9.95104	0
109.5	10.0987	0
109.6	10.2551	0
109.7	10.4199	0
109.8	10.5926	0
109.9	10.7724	0
110	10.958	0
110.1	11.1479	0
110.2	11.34	0
110.3	11.5323	0
110.4	11.7223	0
110.5	11.9075	0
110.6	12.0856	0
110.7	12.2545	0
110.8	12.4123	0
110.9	12.5575	0
111	12.689	0
111.1	12.8061	0
111.2	12.9085	0
111.3	12.9963	0
111.4	13.0697	0
111.5	13.1293	0
111.6	13.1757	0
111.7	13.2099	0
111.8	13.2328	0
111.9	13.2454	0
112	13.2488	0
112.1	13.244	0
112.2	13.2321	0
112.3	13.2142	0
112.4	13.1914	0
112.5	13.1644	0
112.6	13.1344	0
112.7	13.1022	0
112.8	13.0685	0
112.9	13.0341	0
113	12.9996	0
113.1	12.9657	0
113.2	12.9327	0
113.3	12.9012	0
113.4	12.8714	0
113.5	12.8436	0
113.6	12.818	0
113.7	12.7948	0
113.8	12.7739	0
113.9	12.7554	0
114	12.7393	0
114.1	12.7255	0
114.2	12.7139	0
114.3	12.7044	0
114.4	12.6968	0
114.5	12.691	0
114.6	12.6868	0
114.7	12.6841	0
114.8	12.6825	0
114.9	12.6821	0
115	12.6826	0
115.1	12.6839	0
115.2	12.6859	0
115.3	12.6883	0
115.4	12.6911	0
115.5	12.6942	0
115.6	12.6974	0
115.7	12.7008	0
115.8	12.7042	0
115.9	12.7076	0
116	12.7109	0
116.1	12.7141	0
116.2	12.7172	0
116.3	12.7201	0
116.4	12.7228	0
116.5	12.7254	0
116.6	12.7278	0
116.7	12.73	0
116.8	12.732	0
116.9	12.7338	0
117	12.7355	0
117.1	12.737	0
117.2	12.7383	0
117.3	12.7395	0
117.4	12.7406	0
117.5	12.7415	0
117.6	12.7423	0
117.7	12.743	0
117.8	12.7437	0
117.9	12.7442	0
118	12.7446	0
118.1	12.745	0
118.2	12.7452	0
118.3	12.7455	0
118.4	12.7456	0
118.5	12.7457	0
118.6	12.7457	0
118.7	12.7457	0
118.8	12.7457	0
118.9	12.7456	0
119	12.7455	0
119.1	12.7453	0
119.2	12.7451	0
119.3	12.7449	0
119.4	12.7447	0
119.5	12.7444	0
119.6	12.7442	0
119.7	12.7439	0
119.8	12.7437	0
119.9	12.7434	0
120	12.7431	0
120.1	12.7429	0
120.2	12.7426	0
120.3	12.7424	0
120.4	12.7422	0
120.5	12.7419	0
120.6	12.7417	0
120.7	12.7415	0
120.8	12.7414	0
120.9	12.7412	0
121	12.741	0
121.1	12.7409	0
121.2	12.7408	0
121.3	12.7407	0
121.4	12.7406	0
121.5	12.7406	0
121.6	12.7405	0
121.7	12.7404	0
121.8	12.7404	0
121.9	12.7404	0
122	12.7404	0
122.1	12.7404	0
122.2	12.7404	0
122.3	12.7404	0
122.4	12.7404	0
122.5	12.7404	0
122.6	12.7404	0
122.7	12.7404	0
122.8	12.7405	0
122.9	12.7405	0
123	12.7405	0
123.1	12.7406	0
123.2	12.7406	0
123.3	12.7406	0
123.4	12.7406	0
123.5	12.7407	0
123.6	12.7407	0
123.7	12.7407	0
123.8	12.7407	0
123.9	12.7408	0
124	12.7408	0
124.1	12.7408	0
124.2	12.7408	0
124.3	12.7408	0
124.4	12.7409	0
124.5	12.7409	0
124.6	12.7409	0
124.7	12.7409	0
124.8	12.7409	0
124.9	12.7409	0
125	12.7409	0
125.1	12.7367	0
125.2	12.7244	0
125.3	12.7015	0
125.4	12.6671	0
125.5	12.6212	0
125.6	12.5649	0
125.7	12.4995	0
125.8	12.4268	0
125.9	12.3487	0
126	12.2668	0
126.1	12.1829	0
126.2	12.0984	0
126.3	12.0148	0
126.4	11.9333	0
126.5	11.8547	0
126.6	11.78	0
126.7	11.7098	0
126.8	11.6446	0
126.9	11.5847	0
127	11.5304	0
127.1	11.4818	0
127.2	11.4391	0
127.3	11.4021	0
127.4	11.3709	0
127.5	11.3454	0
127.6	11.3255	0
127.7	11.3109	0
127.8	11.3015	0
127.9	11.2972	0
128	11.2976	0
128.1	11.3027	0
128.2	11.3121	0
128.3	11.3257	0
128.4	11.3431	0
128.5	11.3641	0
128.6	11.3885	0
128.7	11.4159	0
128.8	11.4461	0
128.9	11.4787	0
129	11.5134	0
129.1	11.5498	0
129.2	11.5877	0
129.3	11.6267	0
129.4	11.6664	0
129.5	11.7065	0
129.6	11.7467	0
129.7	11.7866	0
129.8	11.8259	0
129.9	11.8644	0
130	11.9017	0
130.1	11.9376	0
130.2	11.9719	0
130.3	12.0045	0
130.4	12.0351	0
130.5	12.0636	0
130.6	12.0901	0
130.7	12.1143	0
130.8	12.1364	0
130.9	12.1563	0
131	12.1741	0
131.1	12.1898	0
131.2	12.2036	0
131.3	12.2155	0
131.4	12.2257	0
131.5	12.2342	0
131.6	12.2414	0
131.7	12.2471	0
131.8	12.2518	0
131.9	12.2554	0
132	12.2581	0
132.1	12.2601	0
132.2	12.2616	0
132.3	12.2625	0
132.4	12.2631	0
132.5	12.2635	0
132.6	12.2638	0
132.7	12.264	0
132.8	12.2644	0
132.9	12.2648	0
133	12.2655	0
133.1	12.2664	0
133.2	12.2677	0
133.3	12.2692	0
133.4	12.2712	0
133.5	12.2735	0
133.6	12.2761	0
133.7	12.2791	0
133.8	12.2825	0
133.9	12.2861	0
134	12.2901	0
134.1	12.2942	0
134.2	12.2985	0
134.3	12.303	0
134.4	12.3075	0
134.5	12.3121	0
134.6	12.3166	0
134.7	12.321	0
134.8	12.3253	0
134.9	12.3294	0
135	12.3333	0
135.1	12.3369	0
135.2	12.3402	0
135.3	12.3432	0
135.4	12.3459	0
135.5	12.3482	0
135.6	12.3501	0
135.7	12.3517	0
135.8	12.3529	0
135.9	12.3538	0
136	12.3544	0
136.1	12.3546	0
136.2	12.3546	0
136.3	12.3543	0
136.4	12.3537	0
136.5	12.353	0
136.6	12.3521	0
136.7	12.351	0
136.8	12.3498	0
136.9	12.3485	0
137	12.3471	0
137.1	12.3457	0
137.2	12.3442	0
137.3	12.3428	0
137.4	12.3414	0
137.5	12.34	0
137.6	12.3387	0
137.7	12.3374	0
137.8	12.3362	0
137.9	12.3351	0
138	12.3341	0
138.1	12.3333	0
138.2	12.3325	0
138.3	12.3318	0
138.4	12.3313	0
138.5	12.3309	0
138.6	12.3306	0
138.7	12.3304	0
138.8	12.3304	0
138.9	12.3304	0
139	12.3306	0
139.1	12.3308	0
139.2	12.3312	0
139.3	12.3316	0
139.4	12.3321	0
139.5	12.3327	0
139.6	12.3333	0
139.7	12.334	0
139.8	12.3347	0
139.9	12.3355	0
140	12.3362	0
140.1	12.337	0
140.2	12.3378	0
140.3	12.3385	0
140.4	12.3392	0
140.5	12.3399	0
140.6	12.3406	0
140.7	12.3412	0
140.8	12.3417	0
140.9	12.3422	0
141	12.3427	0
141.1	12.3431	0
141.2	12.3434	0
141.3	12.3436	0
141.4	12.3438	0
141.5	12.3439	0
141.6	12.344	0
141.7	12.344	0
141.8	12.3439	0
141.9	12.3438	0
142	12.3437	0
142.1	12.3435	0
142.2	12.3433	0
142.3	12.3431	0
142.4	12.3429	0
142.5	12.3427	0
142.6	12.3424	0
142.7	12.3422	0
142.8	12.3419	0
142.9	12.3417	0
143	12.3415	0
143.1	12.3413	0
143.2	12.3412	0
143.3	12.341	0
143.4	12.3409	0
143.5	12.3408	0
143.6	12.3407	0
143.7	12.3407	0
143.8	12.3406	0
143.9	12.3406	0
144	12.3406	0
144.1	12.3407	0
144.2	12.3407	0
144.3	12.3408	0
144.4	12.3408	0
144.5	12.3409	0
144.6	12.341	0
144.7	12.3411	0
144.8	12.3411	0
144.9	12.3412	0
145	12.3413	0
145.1	12.3414	0
145.2	12.3414	0
145.3	12.3415	0
145.4	12.3416	0
145.5	12.3416	0
145.6	12.3417	0
145.7	12.3417	0
145.8	12.3417	0
145.9	12.3417	0
146	12.3418	0
146.1	12.3418	0
146.2	12.3418	0
146.3	12.3418	0
146.4	12.3418	0
146.5	12.3418	0
146.6	12.3418	0
146.7	12.3418	0
146.8	12.3418	0
146.9	12.3417	0
147	12.3417	0
147.1	12.3417	0
147.2	12.3417	0
147.3	12.3417	0
147.4	12.3417	0
147.5	12.3417	0
147.6	12.3417	0
147.7	12.3417	0
147.8	12.3417	0
147.9	12.3417	0
148	12.3417	0
148.1	12.3417	0
148.2	12.3417	0
148.3	12.3417	0
148.4	12.3417	0
148.5	12.3416	0
148.6	12.3416	0
148.7	12.3416	0
148.8	12.3416	0
148.9	12.3416	0
149	12.3416	0
149.1	12.3416	0
149.2	12.3416	0
149.3	12.3416	0
149.4	12.3416	0
149.5	12.3415	0
149.6	12.3415	0
149.7	12.3415	0
149.8	12.3415	0
149.9	12.3415	0
150	12.3415	0
150.1	12.3457	0
150.2	12.3581	0
150.3	12.381	0
150.4	12.4154	0
150.5	12.4614	0
150.6	12.5178	0
150.7	12.5832	0
150.8	12.656	0
150.9	12.7344	0
151	12.8165	0
151.1	12.9008	0
151.2	12.9857	0
151.3	13.0699	0
151.4	13.1522	0
151.5	13.2317	0
151.6	13.3077	0
151.7	13.3796	0
151.8	13.447	0
151.9	13.5095	0
152	13.5671	0
152.1	13.6198	0
152.2	13.6676	0
152.3	13.7105	0
152.4	13.7489	0
152.5	13.783	0
152.6	13.813	0
152.7	13.8392	0
152.8	13.862	0
152.9	13.8816	0
153	13.8985	0
153.1	13.9128	0
153.2	13.9249	0
153.3	13.9352	0
153.4	13.9439	0
153.5	13.9513	0
153.6	13.9576	0
153.7	13.9632	0
153.8	13.9682	0
153.9	13.9729	0
154	13.9775	0
154.1	13.9821	0
154.2	13.9869	0
154.3	13.992	0
154.4	13.9977	0
154.5	14.0039	0
154.6	14.0108	0
154.7	14.0184	0
154.8	14.0269	0
154.9	14.0362	0
155	14.0465	0
155.1	14.0577	0
155.2	14.0699	0
155.3	14.0831	0
155.4	14.0974	0
155.5	14.1127	0
155.6	14.129	0
155.7	14.1464	0
155.8	14.1648	0
155.9	14.1843	0
156	14.2049	0
156.1	14.2265	0
156.2	14.2493	0
156.3	14.2732	0
156.4	14.2983	0
156.5	14.3246	0
156.6	14.3521	0
156.7	14.381	0
156.8	14.4112	0
156.9	14.4428	0
157	14.476	0
157.1	14.5108	0
157.2	14.5473	0
157.3	14.5857	0
157.4	14.626	0
157.5	14.6685	0
157.6	14.7134	0
157.7	14.7607	0
157.8	14.8107	0
157.9	14.8637	0
158	14.9198	0
158.1	14.9794	0
158.2	15.0427	0
158.3	15.1101	0
158.4	15.1819	0
158.5	15.2585	0
158.6	15.3403	0
158.7	15.4276	0
158.8	15.521	0
158.9	15.6209	0
159	15.7278	0
159.1	15.8421	0
159.2	15.9642	0
159.3	16.0946	0
159.4	16.2335	0
159.5	16.3811	0
159.6	16.5374	0
159.7	16.7022	0
159.8	16.8749	0
159.9	17.0546	0
160	17.2402	0
160.1	17.4301	0
160.2	17.6223	0
160.3	17.8145	0
160.4	18.0045	0
160.5	18.1898	0
160.6	18.3679	0
160.7	18.5369	0
160.8	18.6947	0
160.9	18.8399	0
161	18.9715	0
161.1	19.0887	0
161.2	19.1912	0
161.3	19.279	0
161.4	19.3525	0
161.5	19.4122	0
161.6	19.4587	0
161.7	19.4929	0
161.8	19.5159	0
161.9	19.5285	0
162	19.5319	0
162.1	19.5272	0
162.2	19.5154	0
162.3	19.4975	0
162.4	19.4746	0
162.5	19.4477	0
162.6	19.4177	0
162.7	19.3855	0
162.8	19.3518	0
162.9	19.3174	0
163	19.283	0
163.1	19.249	0
163.2	19.2161	0
163.3	19.1845	0
163.4	19.1547	0
163.5	19.1269	0
163.6	19.1013	0
163.7	19.078	0
163.8	19.0572	0
163.9	19.0387	0
164	19.0226	0
164.1	19.0087	0
164.2	18.9971	0
164.3	18.9876	0
164.4	18.98	0
164.5	18.9742	0
164.6	18.97	0
164.7	18.9672	0
164.8	18.9657	0
164.9	18.9653	0
165	18.9658	0
165.1	18.9671	0
165.2	18.969	0
165.3	18.9714	0
165.4	18.9742	0
165.5	18.9773	0
165.6	18.9806	0
165.7	18.984	0
165.8	18.9874	0
165.9	18.9907	0
166	18.9941	0
166.1	18.9973	0
166.2	19.0003	0
166.3	19.0032	0
166.4	19.006	0
166.5	19.0085	0
166.6	19.0109	0
166.7	19.0131	0
166.8	19.0151	0
166.9	19.0169	0
167	19.0186	0
167.1	19.0201	0
167.2	19.0215	0
167.3	19.0227	0
167.4	19.0237	0
167.5	19.0247	0
167.6	19.0255	0
167.7	19.0262	0
167.8	19.0268	0
167.9	19.0273	0
168	19.0278	0
168.1	19.0281	0
168.2	19.0284	0
168.3	19.0286	0
168.4	19.0288	0
168.5	19.0289	0
168.6	19.0289	0
168.7	19.0289	0
168.8	19.0288	0
168.9	19.0288	0
169	19.0286	0
169.1	19.0285	0
169.2	19.0283	0
169.3	19.0281	0
169.4	19.0279	0
169.5	19.0276	0
169.6	19.0274	0
169.7	19.0271	0
169.8	19.0268	0
169.9	19.0266	0
170	19.0263	0
170.1	19.0261	0
170.2	19.0258	0
170.3	19.0256	0
170.4	19.0253	0
170.5	19.0251	0
170.6	19.0249	0
170.7	19.0247	0
170.8	19.0245	0
170.9	19.0244	0
171	19.0242	0
171.1	19.0241	0
171.2	19.024	0
171.3	19.0239	0
171.4	19.0238	0
171.5	19.0237	0
171.6	19.0237	0
171.7	19.0236	0
171.8	19.0236	0
171.9	19.0236	0
172	19.0235	0
172.1	19.0235	0
172.2	19.0235	0
172.3	19.0235	0
172.4	19.0236	0
172.5	19.0236	0
172.6	19.0236	0
172.7	19.0236	0
172.8	19.0236	0
172.9	19.0237	0
173	19.0237	0
173.1	19.0237	0
173.2	19.0237	0
173.3	19.0238	0
173.4	19.0238	0
173.5	19.0238	0
173.6	19.0239	0
173.7	19.0239	0
173.8	19.0239	0
173.9	19.0239	0
174	19.0239	0
174.1	19.024	0
174.2	19.024	0
174.3	19.024	0
174.4	19.024	0
174.5	19.024	0
174.6	19.0241	0
174.7	19.0241	0
174.8	19.0241	0
174.9	19.0241	0
175	19.0241	0
175.1	19.0199	0
175.2	19.0076	0
175.3	18.9847	0
175.4	18.9503	0
175.5	18.9044	0
175.6	18.848	0
175.7	18.7827	0
175.8	18.71	0
175.9	18.6319	0
176	18.55	0
176.1	18.466	0
176.2	18.3816	0
176.3	18.298	0
176.4	18.2164	0
176.5	18.1379	0
176.6	18.0632	0
176.7	17.993	0
176.8	17.9277	0
176.9	17.8678	0
177	17.8135	0
177.1	17.765	0
177.2	17.7222	0
177.3	17.6853	0
177.4	17.6541	0
177.5	17.6286	0
177.6	17.6086	0
177.7	17.5941	0
177.8	17.5847	0
177.9	17.5803	0
178	17.5808	0
178.1	17.5858	0
178.2	17.5953	0
178.3	17.6088	0
178.4	17.6262	0
178.5	17.6473	0
178.6	17.6717	0
178.7	17.6991	0
178.8	17.7292	0
178.9	17.7618	0
179	17.7965	0
179.1	17.833	0
179.2	17.8709	0
179.3	17.9098	0
179.4	17.9496	0
179.5	17.9897	0
179.6	18.0298	0
179.7	18.0697	0
179.8	18.1091	0
179.9	18.1475	0
180	18.1848	0
180.1	18.2207	0
180.2	18.255	0
180.3	18.2876	0
180.4	18.3182	0
180.5	18.3467	0
180.6	18.3732	0
180.7	18.3974	0
180.8	18.4195	0
180.9	18.4394	0
181	18.4572	0
181.1	18.4729	0
181.2	18.4867	0
181.3	18.4986	0
181.4	18.5088	0
181.5	18.5173	0
181.6	18.5244	0
181.7	18.5302	0
181.8	18.5349	0
181.9	18.5385	0
182	18.5412	0
182.1	18.5432	0
182.2	18.5446	0
182.3	18.5456	0
182.4	18.5462	0
182.5	18.5466	0
182.6	18.5469	0
182.7	18.5471	0
182.8	18.5474	0
182.9	18.5479	0
183	18.5486	0
183.1	18.5495	0
183.2	18.5507	0
183.3	18.5523	0
183.4	18.5542	0
183.5	18.5565	0
183.6	18.5592	0
183.7	18.5622	0
183.8	18.5656	0
183.9	18.5692	0
184	18.5731	0
184.1	18.5773	0
184.2	18.5816	0
184.3	18.5861	0
184.4	18.5906	0
184.5	18.5952	0
184.6	18.5997	0
184.7	18.6041	0
184.8	18.6084	0
184.9	18.6125	0
185	18.6164	0
185.1	18.62	0
185.2	18.6234	0
185.3	18.6264	0
185.4	18.629	0
185.5	18.6313	0
185.6	18.6333	0
185.7	18.6348	0
185.8	18.6361	0
185.9	18.637	0
186	18.6375	0
186.1	18.6378	0
186.2	18.6377	0
186.3	18.6374	0
186.4	18.6369	0
186.5	18.6361	0
186.6	18.6352	0
186.7	18.6341	0
186.8	18.6329	0
186.9	18.6316	0
187	18.6302	0
187.1	18.6288	0
187.2	18.6274	0
187.3	18.6259	0
187.4	18.6245	0
187.5	18.6231	0
187.6	18.6218	0
187.7	18.6205	0
187.8	18.6194	0
187.9	18.6183	0
188	18.6173	0
188.1	18.6164	0
188.2	18.6156	0
188.3	18.615	0
188.4	18.6144	0
188.5	18.614	0
188.6	18.6137	0
188.7	18.6136	0
188.8	18.6135	0
188.9	18.6135	0
189	18.6137	0
189.1	18.6139	0
189.2	18.6143	0
189.3	18.6147	0
189.4	18.6152	0
189.5	18.6158	0
189.6	18.6164	0
189.7	18.6171	0
189.8	18.6178	0
189.9	18.6186	0
190	18.6193	0
190.1	18.6201	0
190.2	18.6209	0
190.3	18.6216	0
190.4	18.6224	0
190.5	18.623	0
190.6	18.6237	0
190.7	18.6243	0
190.8	18.6249	0
190.9	18.6254	0
191	18.6258	0
191.1	18.6262	0
191.2	18.6265	0
191.3	18.6267	0
191.4	18.6269	0
191.5	18.627	0
191.6	18.6271	0
191.7	18.6271	0
191.8	18.6271	0
191.9	18.627	0
192	18.6268	0
192.1	18.6267	0
192.2	18.6265	0
192.3	18.6263	0
192.4	18.626	0
192.5	18.6258	0
192.6	18.6256	0
192.7	18.6253	0
192.8	18.6251	0
192.9	18.6249	0
193	18.6247	0
193.1	18.6245	0
193.2	18.6243	0
193.3	18.6241	0
193.4	18.624	0
193.5	18.6239	0
193.6	18.6238	0
193.7	18.6238	0
193.8	18.6238	0
193.9	18.6238	0
194	18.6238	0
194.1	18.6238	0
194.2	18.6238	0
194.3	18.6239	0
194.4	18.624	0
194.5	18.624	0
194.6	18.6241	0
194.7	18.6242	0
194.8	18.6243	0
194.9	18.6244	0
195	18.6244	0
195.1	18.6245	0
195.2	18.6246	0
195.3	18.6247	0
195.4	18.6247	0
195.5	18.6248	0
195.6	18.6248	0
195.7	18.6248	0
195.8	18.6249	0
195.9	18.6249	0
196	18.6249	0
196.1	18.6249	0
196.2	18.625	0
196.3	18.625	0
196.4	18.625	0
196.5	18.625	0
196.6	18.625	0
196.7	18.625	0
196.8	18.6249	0
196.9	18.6249	0
197	18.6249	0
197.1	18.6249	0
197.2	18.6249	0
197.3	18.6249	0
197.4	18.6249	0
197.5	18.6249	0
197.6	18.6249	0
197.7	18.6249	0
197.8	18.6249	0
197.9	18.6249	0
198	18.6249	0
198.1	18.6249	0
198.2	18.6249	0
198.3	18.6249	0
198.4	18.6249	0
198.5	18.6248	0
198.6	18.6248	0
198.7	18.6248	0
198.8	18.6248	0
198.9	18.6248	0
199	18.6248	0
199.1	18.6248	0
199.2	18.6248	0
199.3	18.6247	0
199.4	18.6247	0
199.5	18.6247	0
199.6	18.6247	0
199.7	18.6247	0
199.8	18.6247	0
199.9	18.6247	0
200	18.6247	0
200.1	18.6289	0
200.2	18.6412	0
200.3	18.6641	0
200.4	18.6986	0
200.5	18.7445	0
200.6	18.8009	0
200.7	18.8664	0
200.8	18.9392	0
200.9	19.0175	0
201	19.0997	0
201.1	19.1839	0
201.2	19.2688	0
201.3	19.353	0
201.4	19.4353	0
201.5	19.5149	0
201.6	19.5909	0
201.7	19.6628	0
201.8	19.7301	0
201.9	19.7927	0
