#Phi(JJ4 - output)
0	0.0118833	0
0.1	0.0342185	0
0.2	0.0655405	0
0.3	0.104387	0
0.4	0.149324	0
0.5	0.198973	0
0.6	0.25203	0
0.7	0.307282	0
0.8	0.363621	0
0.9	0.420052	0
1	0.475701	0
1.1	0.529819	0
1.2	0.581774	0
1.3	0.631053	0
1.4	0.677252	0
1.5	0.720069	0
1.6	0.759293	0
1.7	0.794794	0
1.8	0.826514	0
1.9	0.854455	0
2	0.878672	0
2.1	0.899262	0
2.2	0.916358	0
2.3	0.930123	0
2.4	0.94074	0
2.5	0.94841	0
2.6	0.953349	0
2.7	0.955779	0
2.8	0.955928	0
2.9	0.954028	0
3	0.950311	0
3.1	0.945003	0
3.2	0.938329	0
3.3	0.930508	0
3.4	0.921747	0
3.5	0.912249	0
3.6	0.902202	0
3.7	0.891783	0
3.8	0.881158	0
3.9	0.870478	0
4	0.85988	0
4.1	0.849486	0
4.2	0.839405	0
4.3	0.829728	0
4.4	0.820535	0
4.5	0.811891	0
4.6	0.803844	0
4.7	0.796435	0
4.8	0.789687	0
4.9	0.783615	0
5	0.778223	0
5.1	0.773505	0
5.2	0.769448	0
5.3	0.766031	0
5.4	0.763226	0
5.5	0.761003	0
5.6	0.759324	0
5.7	0.758151	0
5.8	0.757442	0
5.9	0.757154	0
6	0.757245	0
6.1	0.75767	0
6.2	0.758387	0
6.3	0.759354	0
6.4	0.760531	0
6.5	0.761878	0
6.6	0.763361	0
6.7	0.764944	0
6.8	0.766597	0
6.9	0.76829	0
7	0.769998	0
7.1	0.771697	0
7.2	0.773366	0
7.3	0.774987	0
7.4	0.776544	0
7.5	0.778025	0
7.6	0.779419	0
7.7	0.780717	0
7.8	0.781913	0
7.9	0.783004	0
8	0.783986	0
8.1	0.784858	0
8.2	0.785622	0
8.3	0.786279	0
8.4	0.786833	0
8.5	0.787288	0
8.6	0.787648	0
8.7	0.787921	0
8.8	0.788111	0
8.9	0.788226	0
9	0.788273	0
9.1	0.788259	0
9.2	0.788191	0
9.3	0.788077	0
9.4	0.787923	0
9.5	0.787737	0
9.6	0.787524	0
9.7	0.787292	0
9.8	0.787046	0
9.9	0.78679	0
10	0.78653	0
10.1	0.786271	0
10.2	0.786016	0
10.3	0.785767	0
10.4	0.785529	0
10.5	0.785303	0
10.6	0.785091	0
10.7	0.784894	0
10.8	0.784714	0
10.9	0.784551	0
11	0.784405	0
11.1	0.784277	0
11.2	0.784165	0
11.3	0.784069	0
11.4	0.783989	0
11.5	0.783923	0
11.6	0.783871	0
11.7	0.783832	0
11.8	0.783803	0
11.9	0.783785	0
12	0.783776	0
12.1	0.783775	0
12.2	0.783781	0
12.3	0.783792	0
12.4	0.783807	0
12.5	0.783826	0
12.6	0.783848	0
12.7	0.783872	0
12.8	0.783897	0
12.9	0.783923	0
13	0.783949	0
13.1	0.783975	0
13.2	0.784	0
13.3	0.784024	0
13.4	0.784046	0
13.5	0.784068	0
13.6	0.784087	0
13.7	0.784106	0
13.8	0.784122	0
13.9	0.784137	0
14	0.784151	0
14.1	0.784163	0
14.2	0.784173	0
14.3	0.784183	0
14.4	0.784191	0
14.5	0.784198	0
14.6	0.784203	0
14.7	0.784209	0
14.8	0.784213	0
14.9	0.784216	0
15	0.78422	0
15.1	0.784222	0
15.2	0.784224	0
15.3	0.784226	0
15.4	0.784228	0
15.5	0.784229	0
15.6	0.784231	0
15.7	0.784232	0
15.8	0.784233	0
15.9	0.784234	0
16	0.784235	0
16.1	0.784235	0
16.2	0.784236	0
16.3	0.784237	0
16.4	0.784238	0
16.5	0.784238	0
16.6	0.784239	0
16.7	0.784239	0
16.8	0.78424	0
16.9	0.78424	0
17	0.78424	0
17.1	0.784241	0
17.2	0.784241	0
17.3	0.784241	0
17.4	0.78424	0
17.5	0.78424	0
17.6	0.78424	0
17.7	0.784239	0
17.8	0.784238	0
17.9	0.784238	0
18	0.784237	0
18.1	0.784236	0
18.2	0.784234	0
18.3	0.784233	0
18.4	0.784232	0
18.5	0.784231	0
18.6	0.78423	0
18.7	0.784228	0
18.8	0.784227	0
18.9	0.784226	0
19	0.784224	0
19.1	0.784223	0
19.2	0.784222	0
19.3	0.78422	0
19.4	0.784219	0
19.5	0.784218	0
19.6	0.784217	0
19.7	0.784216	0
19.8	0.784215	0
19.9	0.784215	0
20	0.784214	0
20.1	0.784213	0
20.2	0.784213	0
20.3	0.784212	0
20.4	0.784212	0
20.5	0.784212	0
20.6	0.784212	0
20.7	0.784212	0
20.8	0.784212	0
20.9	0.784212	0
21	0.784212	0
21.1	0.784212	0
21.2	0.784212	0
21.3	0.784212	0
21.4	0.784212	0
21.5	0.784212	0
21.6	0.784213	0
21.7	0.784213	0
21.8	0.784213	0
21.9	0.784214	0
22	0.784214	0
22.1	0.784214	0
22.2	0.784215	0
22.3	0.784215	0
22.4	0.784215	0
22.5	0.784215	0
22.6	0.784216	0
22.7	0.784216	0
22.8	0.784216	0
22.9	0.784216	0
23	0.784216	0
23.1	0.784217	0
23.2	0.784217	0
23.3	0.784217	0
23.4	0.784217	0
23.5	0.784217	0
23.6	0.784217	0
23.7	0.784217	0
23.8	0.784217	0
23.9	0.784217	0
24	0.784217	0
24.1	0.784217	0
24.2	0.784217	0
24.3	0.784217	0
24.4	0.784217	0
24.5	0.784216	0
24.6	0.784216	0
24.7	0.784216	0
24.8	0.784216	0
24.9	0.784216	0
25	0.784844	0
25.1	0.786731	0
25.2	0.79037	0
25.3	0.796102	0
25.4	0.80415	0
25.5	0.814647	0
25.6	0.827666	0
25.7	0.843228	0
25.8	0.861318	0
25.9	0.881887	0
26	0.904852	0
26.1	0.930102	0
26.2	0.957502	0
26.3	0.986896	0
26.4	1.01812	0
26.5	1.05098	0
26.6	1.08533	0
26.7	1.12097	0
26.8	1.15776	0
26.9	1.19557	0
27	1.23427	0
27.1	1.27379	0
27.2	1.31405	0
27.3	1.35505	0
27.4	1.39676	0
27.5	1.43924	0
27.6	1.48254	0
27.7	1.52675	0
27.8	1.57197	0
27.9	1.61835	0
28	1.66603	0
28.1	1.71518	0
28.2	1.76597	0
28.3	1.81859	0
28.4	1.87324	0
28.5	1.93011	0
28.6	1.98939	0
28.7	2.05129	0
28.8	2.116	0
28.9	2.18373	0
29	2.25469	0
29.1	2.32908	0
29.2	2.40713	0
29.3	2.48906	0
29.4	2.57513	0
29.5	2.66559	0
29.6	2.76072	0
29.7	2.86082	0
29.8	2.96619	0
29.9	3.07715	0
30	3.194	0
30.1	3.31702	0
30.2	3.44644	0
30.3	3.58239	0
30.4	3.72489	0
30.5	3.87376	0
30.6	4.02863	0
30.7	4.18883	0
30.8	4.35339	0
30.9	4.52102	0
31	4.69012	0
31.1	4.85884	0
31.2	5.02516	0
31.3	5.187	0
31.4	5.34237	0
31.5	5.48952	0
31.6	5.62703	0
31.7	5.75392	0
31.8	5.86968	0
31.9	5.97431	0
32	6.06826	0
32.1	6.15234	0
32.2	6.22771	0
32.3	6.29566	0
32.4	6.35759	0
32.5	6.41484	0
32.6	6.46864	0
32.7	6.52	0
32.8	6.56967	0
32.9	6.61813	0
33	6.66558	0
33.1	6.71198	0
33.2	6.75705	0
33.3	6.80036	0
33.4	6.84135	0
33.5	6.87942	0
33.6	6.91392	0
33.7	6.94429	0
33.8	6.97001	0
33.9	6.99069	0
34	7.00606	0
34.1	7.01604	0
34.2	7.02067	0
34.3	7.02019	0
34.4	7.01497	0
34.5	7.00555	0
34.6	6.99258	0
34.7	6.9768	0
34.8	6.95903	0
34.9	6.94013	0
35	6.92096	0
35.1	6.90235	0
35.2	6.88507	0
35.3	6.8698	0
35.4	6.85711	0
35.5	6.84746	0
35.6	6.84115	0
35.7	6.83836	0
35.8	6.83912	0
35.9	6.84333	0
36	6.85078	0
36.1	6.86113	0
36.2	6.87398	0
36.3	6.88886	0
36.4	6.90527	0
36.5	6.92268	0
36.6	6.94055	0
36.7	6.95839	0
36.8	6.9757	0
36.9	6.99208	0
37	7.00716	0
37.1	7.02063	0
37.2	7.03227	0
37.3	7.04194	0
37.4	7.04954	0
37.5	7.05507	0
37.6	7.05859	0
37.7	7.06021	0
37.8	7.06009	0
37.9	7.05845	0
38	7.05551	0
38.1	7.05155	0
38.2	7.04683	0
38.3	7.04162	0
38.4	7.0362	0
38.5	7.03082	0
38.6	7.0257	0
38.7	7.02104	0
38.8	7.01702	0
38.9	7.01376	0
39	7.01135	0
39.1	7.00984	0
39.2	7.00926	0
39.3	7.00959	0
39.4	7.01076	0
39.5	7.01272	0
39.6	7.01535	0
39.7	7.01854	0
39.8	7.02217	0
39.9	7.02609	0
40	7.03017	0
40.1	7.03429	0
40.2	7.03831	0
40.3	7.04212	0
40.4	7.04563	0
40.5	7.04874	0
40.6	7.05141	0
40.7	7.05357	0
40.8	7.05521	0
40.9	7.05631	0
41	7.05689	0
41.1	7.05698	0
41.2	7.0566	0
41.3	7.05582	0
41.4	7.0547	0
41.5	7.0533	0
41.6	7.05169	0
41.7	7.04996	0
41.8	7.04817	0
41.9	7.04639	0
42	7.04469	0
42.1	7.04312	0
42.2	7.04174	0
42.3	7.04059	0
42.4	7.0397	0
42.5	7.03909	0
42.6	7.03876	0
42.7	7.03873	0
42.8	7.03898	0
42.9	7.03949	0
43	7.04025	0
43.1	7.04122	0
43.2	7.04236	0
43.3	7.04365	0
43.4	7.04503	0
43.5	7.04648	0
43.6	7.04794	0
43.7	7.04939	0
43.8	7.05078	0
43.9	7.05208	0
44	7.05327	0
44.1	7.05432	0
44.2	7.05522	0
44.3	7.05595	0
44.4	7.0565	0
44.5	7.05687	0
44.6	7.05707	0
44.7	7.0571	0
44.8	7.05696	0
44.9	7.05669	0
45	7.05628	0
45.1	7.05576	0
45.2	7.05516	0
45.3	7.05449	0
45.4	7.05377	0
45.5	7.05302	0
45.6	7.05227	0
45.7	7.05153	0
45.8	7.05082	0
45.9	7.05016	0
46	7.04955	0
46.1	7.04902	0
46.2	7.04856	0
46.3	7.04818	0
46.4	7.04789	0
46.5	7.04768	0
46.6	7.04756	0
46.7	7.04752	0
46.8	7.04755	0
46.9	7.04765	0
47	7.04782	0
47.1	7.04803	0
47.2	7.04829	0
47.3	7.04859	0
47.4	7.04891	0
47.5	7.04924	0
47.6	7.04959	0
47.7	7.04993	0
47.8	7.05026	0
47.9	7.05058	0
48	7.05088	0
48.1	7.05115	0
48.2	7.0514	0
48.3	7.05161	0
48.4	7.0518	0
48.5	7.05194	0
48.6	7.05206	0
48.7	7.05214	0
48.8	7.0522	0
48.9	7.05222	0
49	7.05222	0
49.1	7.05219	0
49.2	7.05215	0
49.3	7.05209	0
49.4	7.05201	0
49.5	7.05192	0
49.6	7.05183	0
49.7	7.05174	0
49.8	7.05164	0
49.9	7.05154	0
50	7.05082	0
50.1	7.04885	0
50.2	7.04513	0
50.3	7.03933	0
50.4	7.03124	0
50.5	7.02074	0
50.6	7.00777	0
50.7	6.99236	0
50.8	6.97457	0
50.9	6.95455	0
51	6.93248	0
51.1	6.90862	0
51.2	6.88326	0
51.3	6.85679	0
51.4	6.82958	0
51.5	6.8021	0
51.6	6.77477	0
51.7	6.74807	0
51.8	6.72243	0
51.9	6.69828	0
52	6.67599	0
52.1	6.6559	0
52.2	6.63829	0
52.3	6.62337	0
52.4	6.61129	0
52.5	6.60211	0
52.6	6.59586	0
52.7	6.59248	0
52.8	6.59185	0
52.9	6.59381	0
53	6.59816	0
53.1	6.60465	0
53.2	6.613	0
53.3	6.62292	0
53.4	6.63412	0
53.5	6.64629	0
53.6	6.65913	0
53.7	6.67236	0
53.8	6.68571	0
53.9	6.69893	0
54	6.71181	0
54.1	6.72416	0
54.2	6.73581	0
54.3	6.74663	0
54.4	6.75653	0
54.5	6.76543	0
54.6	6.77329	0
54.7	6.7801	0
54.8	6.78585	0
54.9	6.79059	0
55	6.79435	0
55.1	6.79719	0
55.2	6.7992	0
55.3	6.80045	0
55.4	6.80102	0
55.5	6.80103	0
55.6	6.80056	0
55.7	6.7997	0
55.8	6.79855	0
55.9	6.79721	0
56	6.79575	0
56.1	6.79425	0
56.2	6.79278	0
56.3	6.79142	0
56.4	6.7902	0
56.5	6.78919	0
56.6	6.78842	0
56.7	6.78793	0
56.8	6.78773	0
56.9	6.78784	0
57	6.78829	0
57.1	6.78907	0
57.2	6.79018	0
57.3	6.79163	0
57.4	6.7934	0
57.5	6.79549	0
57.6	6.79789	0
57.7	6.80058	0
57.8	6.80354	0
57.9	6.80677	0
58	6.81025	0
58.1	6.81396	0
58.2	6.8179	0
58.3	6.82205	0
58.4	6.8264	0
58.5	6.83094	0
58.6	6.83566	0
58.7	6.84057	0
58.8	6.84565	0
58.9	6.8509	0
59	6.85632	0
59.1	6.86192	0
59.2	6.86769	0
59.3	6.87364	0
59.4	6.87977	0
59.5	6.88608	0
59.6	6.89259	0
59.7	6.89929	0
59.8	6.90619	0
59.9	6.91328	0
60	6.92057	0
60.1	6.92805	0
60.2	6.93571	0
60.3	6.94354	0
60.4	6.95153	0
60.5	6.95965	0
60.6	6.96787	0
60.7	6.97617	0
60.8	6.9845	0
60.9	6.99284	0
61	7.00115	0
61.1	7.00938	0
61.2	7.01749	0
61.3	7.02544	0
61.4	7.03319	0
61.5	7.04072	0
61.6	7.04797	0
61.7	7.05492	0
61.8	7.06155	0
61.9	7.06783	0
62	7.07374	0
62.1	7.07927	0
62.2	7.0844	0
62.3	7.08912	0
62.4	7.09343	0
62.5	7.09733	0
62.6	7.10081	0
62.7	7.10388	0
62.8	7.10655	0
62.9	7.10881	0
63	7.11067	0
63.1	7.11214	0
63.2	7.11324	0
63.3	7.11396	0
63.4	7.11433	0
63.5	7.11435	0
63.6	7.11404	0
63.7	7.11342	0
63.8	7.11248	0
63.9	7.11126	0
64	7.10977	0
64.1	7.10803	0
64.2	7.10606	0
64.3	7.10387	0
64.4	7.1015	0
64.5	7.09896	0
64.6	7.09628	0
64.7	7.09349	0
64.8	7.0906	0
64.9	7.08766	0
65	7.08468	0
65.1	7.0817	0
65.2	7.07874	0
65.3	7.07583	0
65.4	7.073	0
65.5	7.07026	0
65.6	7.06765	0
65.7	7.06519	0
65.8	7.06289	0
65.9	7.06077	0
66	7.05886	0
66.1	7.05714	0
66.2	7.05565	0
66.3	7.05438	0
66.4	7.05334	0
66.5	7.05252	0
66.6	7.05193	0
66.7	7.05155	0
66.8	7.05139	0
66.9	7.05142	0
67	7.05164	0
67.1	7.05203	0
67.2	7.05258	0
67.3	7.05326	0
67.4	7.05407	0
67.5	7.05498	0
67.6	7.05598	0
67.7	7.05704	0
67.8	7.05814	0
67.9	7.05928	0
68	7.06043	0
68.1	7.06157	0
68.2	7.06269	0
68.3	7.06379	0
68.4	7.06484	0
68.5	7.06583	0
68.6	7.06676	0
68.7	7.06762	0
68.8	7.06841	0
68.9	7.06911	0
69	7.06973	0
69.1	7.07026	0
69.2	7.07071	0
69.3	7.07108	0
69.4	7.07136	0
69.5	7.07157	0
69.6	7.0717	0
69.7	7.07176	0
69.8	7.07176	0
69.9	7.07169	0
70	7.07158	0
70.1	7.07142	0
70.2	7.07122	0
70.3	7.07098	0
70.4	7.07072	0
70.5	7.07044	0
70.6	7.07014	0
70.7	7.06983	0
70.8	7.06952	0
70.9	7.06921	0
71	7.06891	0
71.1	7.06861	0
71.2	7.06832	0
71.3	7.06805	0
71.4	7.06779	0
71.5	7.06756	0
71.6	7.06734	0
71.7	7.06715	0
71.8	7.06697	0
71.9	7.06682	0
72	7.0667	0
72.1	7.06659	0
72.2	7.0665	0
72.3	7.06644	0
72.4	7.06639	0
72.5	7.06636	0
72.6	7.06635	0
72.7	7.06635	0
72.8	7.06636	0
72.9	7.06639	0
73	7.06642	0
73.1	7.06647	0
73.2	7.06652	0
73.3	7.06658	0
73.4	7.06664	0
73.5	7.0667	0
73.6	7.06677	0
73.7	7.06683	0
73.8	7.0669	0
73.9	7.06696	0
74	7.06702	0
74.1	7.06708	0
74.2	7.06714	0
74.3	7.06719	0
74.4	7.06724	0
74.5	7.06729	0
74.6	7.06733	0
74.7	7.06737	0
74.8	7.0674	0
74.9	7.06743	0
75	7.06808	0
75.1	7.06999	0
75.2	7.07364	0
75.3	7.07939	0
75.4	7.08745	0
75.5	7.09795	0
75.6	7.11098	0
75.7	7.12654	0
75.8	7.14463	0
75.9	7.1652	0
76	7.18816	0
76.1	7.21341	0
76.2	7.24081	0
76.3	7.2702	0
76.4	7.30141	0
76.5	7.33427	0
76.6	7.36861	0
76.7	7.40425	0
76.8	7.44104	0
76.9	7.47884	0
77	7.51754	0
77.1	7.55705	0
77.2	7.59732	0
77.3	7.63831	0
77.4	7.68003	0
77.5	7.72251	0
77.6	7.76581	0
77.7	7.81002	0
77.8	7.85524	0
77.9	7.90163	0
78	7.94931	0
78.1	7.99847	0
78.2	8.04927	0
78.3	8.1019	0
78.4	8.15656	0
78.5	8.21343	0
78.6	8.27273	0
78.7	8.33464	0
78.8	8.39936	0
78.9	8.46711	0
79	8.53809	0
79.1	8.6125	0
79.2	8.69056	0
79.3	8.77252	0
79.4	8.85861	0
79.5	8.94909	0
79.6	9.04425	0
79.7	9.14437	0
79.8	9.24978	0
79.9	9.36077	0
80	9.47766	0
80.1	9.60073	0
80.2	9.73019	0
80.3	9.86619	0
80.4	10.0087	0
80.5	10.1577	0
80.6	10.3126	0
80.7	10.4728	0
80.8	10.6374	0
80.9	10.8051	0
81	10.9742	0
81.1	11.143	0
81.2	11.3093	0
81.3	11.4712	0
81.4	11.6265	0
81.5	11.7737	0
81.6	11.9112	0
81.7	12.038	0
81.8	12.1538	0
81.9	12.2584	0
82	12.3523	0
82.1	12.4364	0
82.2	12.5117	0
82.3	12.5797	0
82.4	12.6416	0
82.5	12.6989	0
82.6	12.7527	0
82.7	12.804	0
82.8	12.8537	0
82.9	12.9022	0
83	12.9496	0
83.1	12.996	0
83.2	13.0411	0
83.3	13.0844	0
83.4	13.1254	0
83.5	13.1634	0
83.6	13.1979	0
83.7	13.2282	0
83.8	13.2539	0
83.9	13.2745	0
84	13.2898	0
84.1	13.2997	0
84.2	13.3043	0
84.3	13.3038	0
84.4	13.2986	0
84.5	13.2892	0
84.6	13.2762	0
84.7	13.2604	0
84.8	13.2427	0
84.9	13.2238	0
85	13.2047	0
85.1	13.1862	0
85.2	13.169	0
85.3	13.1538	0
85.4	13.1411	0
85.5	13.1316	0
85.6	13.1253	0
85.7	13.1226	0
85.8	13.1234	0
85.9	13.1277	0
86	13.1352	0
86.1	13.1456	0
86.2	13.1584	0
86.3	13.1733	0
86.4	13.1897	0
86.5	13.2071	0
86.6	13.2249	0
86.7	13.2427	0
86.8	13.26	0
86.9	13.2763	0
87	13.2913	0
87.1	13.3047	0
87.2	13.3162	0
87.3	13.3258	0
87.4	13.3334	0
87.5	13.3389	0
87.6	13.3424	0
87.7	13.344	0
87.8	13.3438	0
87.9	13.3422	0
88	13.3393	0
88.1	13.3353	0
88.2	13.3307	0
88.3	13.3255	0
88.4	13.3202	0
88.5	13.3148	0
88.6	13.3098	0
88.7	13.3052	0
88.8	13.3013	0
88.9	13.2981	0
89	13.2958	0
89.1	13.2943	0
89.2	13.2938	0
89.3	13.2941	0
89.4	13.2953	0
89.5	13.2973	0
89.6	13.2999	0
89.7	13.3031	0
89.8	13.3066	0
89.9	13.3105	0
90	13.3145	0
90.1	13.3185	0
90.2	13.3225	0
90.3	13.3262	0
90.4	13.3296	0
90.5	13.3326	0
90.6	13.3352	0
90.7	13.3373	0
90.8	13.3389	0
90.9	13.3399	0
91	13.3404	0
91.1	13.3405	0
91.2	13.3401	0
91.3	13.3393	0
91.4	13.3382	0
91.5	13.3368	0
91.6	13.3353	0
91.7	13.3336	0
91.8	13.3318	0
91.9	13.3301	0
92	13.3285	0
92.1	13.327	0
92.2	13.3257	0
92.3	13.3246	0
92.4	13.3238	0
92.5	13.3233	0
92.6	13.323	0
92.7	13.323	0
92.8	13.3233	0
92.9	13.3238	0
93	13.3245	0
93.1	13.3255	0
93.2	13.3266	0
93.3	13.3278	0
93.4	13.3291	0
93.5	13.3305	0
93.6	13.3319	0
93.7	13.3332	0
93.8	13.3345	0
93.9	13.3357	0
94	13.3367	0
94.1	13.3377	0
94.2	13.3385	0
94.3	13.3391	0
94.4	13.3395	0
94.5	13.3398	0
94.6	13.3399	0
94.7	13.3399	0
94.8	13.3397	0
94.9	13.3394	0
95	13.3389	0
95.1	13.3384	0
95.2	13.3378	0
95.3	13.3371	0
95.4	13.3364	0
95.5	13.3357	0
95.6	13.335	0
95.7	13.3344	0
95.8	13.3337	0
95.9	13.3331	0
96	13.3326	0
96.1	13.3321	0
96.2	13.3317	0
96.3	13.3314	0
96.4	13.3312	0
96.5	13.3311	0
96.6	13.331	0
96.7	13.331	0
96.8	13.3311	0
96.9	13.3313	0
97	13.3315	0
97.1	13.3317	0
97.2	13.332	0
97.3	13.3323	0
97.4	13.3326	0
97.5	13.3329	0
97.6	13.3332	0
97.7	13.3336	0
97.8	13.3339	0
97.9	13.3342	0
98	13.3344	0
98.1	13.3347	0
98.2	13.3349	0
98.3	13.3351	0
98.4	13.3352	0
98.5	13.3353	0
98.6	13.3354	0
98.7	13.3355	0
98.8	13.3355	0
98.9	13.3355	0
99	13.3355	0
99.1	13.3354	0
99.2	13.3354	0
99.3	13.3353	0
99.4	13.3352	0
99.5	13.3351	0
99.6	13.335	0
99.7	13.3349	0
99.8	13.3348	0
99.9	13.3348	0
100	13.3347	0
100.1	13.334	0
100.2	13.332	0
100.3	13.3283	0
100.4	13.3225	0
100.5	13.3145	0
100.6	13.304	0
100.7	13.291	0
100.8	13.2756	0
100.9	13.2579	0
101	13.2379	0
101.1	13.2158	0
101.2	13.1919	0
101.3	13.1666	0
101.4	13.1401	0
101.5	13.1129	0
101.6	13.0855	0
101.7	13.0581	0
101.8	13.0314	0
101.9	13.0058	0
102	12.9816	0
102.1	12.9593	0
102.2	12.9393	0
102.3	12.9216	0
102.4	12.9067	0
102.5	12.8946	0
102.6	12.8854	0
102.7	12.8792	0
102.8	12.8758	0
102.9	12.8752	0
103	12.8771	0
103.1	12.8815	0
103.2	12.8879	0
103.3	12.8963	0
103.4	12.9062	0
103.5	12.9174	0
103.6	12.9296	0
103.7	12.9424	0
103.8	12.9556	0
103.9	12.969	0
104	12.9822	0
104.1	12.9951	0
104.2	13.0074	0
104.3	13.0191	0
104.4	13.0299	0
104.5	13.0398	0
104.6	13.0487	0
104.7	13.0566	0
104.8	13.0634	0
104.9	13.0691	0
105	13.0739	0
105.1	13.0776	0
105.2	13.0805	0
105.3	13.0825	0
105.4	13.0837	0
105.5	13.0843	0
105.6	13.0843	0
105.7	13.0838	0
105.8	13.083	0
105.9	13.0818	0
106	13.0805	0
106.1	13.079	0
106.2	13.0775	0
106.3	13.0761	0
106.4	13.0747	0
106.5	13.0735	0
106.6	13.0725	0
106.7	13.0717	0
106.8	13.0712	0
106.9	13.071	0
107	13.0711	0
107.1	13.0716	0
107.2	13.0723	0
107.3	13.0735	0
107.4	13.0749	0
107.5	13.0767	0
107.6	13.0788	0
107.7	13.0812	0
107.8	13.0838	0
107.9	13.0868	0
108	13.09	0
108.1	13.0935	0
108.2	13.0972	0
108.3	13.1012	0
108.4	13.1053	0
108.5	13.1097	0
108.6	13.1142	0
108.7	13.1189	0
108.8	13.1238	0
108.9	13.1289	0
109	13.1342	0
109.1	13.1396	0
109.2	13.1452	0
109.3	13.151	0
109.4	13.1569	0
109.5	13.163	0
109.6	13.1694	0
109.7	13.1759	0
109.8	13.1826	0
109.9	13.1895	0
110	13.1965	0
110.1	13.2038	0
110.2	13.2113	0
110.3	13.219	0
110.4	13.2268	0
110.5	13.2348	0
110.6	13.2429	0
110.7	13.2511	0
110.8	13.2594	0
110.9	13.2678	0
111	13.2761	0
111.1	13.2844	0
111.2	13.2926	0
111.3	13.3007	0
111.4	13.3087	0
111.5	13.3165	0
111.6	13.324	0
111.7	13.3312	0
111.8	13.3382	0
111.9	13.3448	0
112	13.3511	0
112.1	13.357	0
112.2	13.3625	0
112.3	13.3676	0
112.4	13.3724	0
112.5	13.3767	0
112.6	13.3806	0
112.7	13.3841	0
112.8	13.3871	0
112.9	13.3898	0
113	13.392	0
113.1	13.3939	0
113.2	13.3954	0
113.3	13.3965	0
113.4	13.3972	0
113.5	13.3976	0
113.6	13.3976	0
113.7	13.3973	0
113.8	13.3966	0
113.9	13.3957	0
114	13.3945	0
114.1	13.393	0
114.2	13.3913	0
114.3	13.3893	0
114.4	13.3871	0
114.5	13.3847	0
114.6	13.3822	0
114.7	13.3795	0
114.8	13.3767	0
114.9	13.3738	0
115	13.3709	0
115.1	13.3679	0
115.2	13.3649	0
115.3	13.3619	0
115.4	13.359	0
115.5	13.3562	0
115.6	13.3535	0
115.7	13.3509	0
115.8	13.3484	0
115.9	13.3461	0
116	13.344	0
116.1	13.342	0
116.2	13.3403	0
116.3	13.3388	0
116.4	13.3376	0
116.5	13.3365	0
116.6	13.3357	0
116.7	13.3351	0
116.8	13.3347	0
116.9	13.3346	0
117	13.3346	0
117.1	13.3348	0
117.2	13.3352	0
117.3	13.3358	0
117.4	13.3364	0
117.5	13.3372	0
117.6	13.3382	0
117.7	13.3391	0
117.8	13.3402	0
117.9	13.3413	0
118	13.3424	0
118.1	13.3436	0
118.2	13.3447	0
118.3	13.3459	0
118.4	13.3469	0
118.5	13.348	0
118.6	13.349	0
118.7	13.3499	0
118.8	13.3508	0
118.9	13.3516	0
119	13.3523	0
119.1	13.3529	0
119.2	13.3534	0
119.3	13.3539	0
119.4	13.3542	0
119.5	13.3545	0
119.6	13.3547	0
119.7	13.3548	0
119.8	13.3549	0
119.9	13.3549	0
120	13.3548	0
120.1	13.3547	0
120.2	13.3545	0
120.3	13.3543	0
120.4	13.3541	0
120.5	13.3538	0
120.6	13.3536	0
120.7	13.3533	0
120.8	13.3529	0
120.9	13.3526	0
121	13.3523	0
121.1	13.352	0
121.2	13.3517	0
121.3	13.3514	0
121.4	13.3512	0
121.5	13.3509	0
121.6	13.3507	0
121.7	13.3504	0
121.8	13.3502	0
121.9	13.3501	0
122	13.3499	0
122.1	13.3498	0
122.2	13.3497	0
122.3	13.3496	0
122.4	13.3495	0
122.5	13.3495	0
122.6	13.3494	0
122.7	13.3494	0
122.8	13.3494	0
122.9	13.3494	0
123	13.3495	0
123.1	13.3495	0
123.2	13.3495	0
123.3	13.3496	0
123.4	13.3496	0
123.5	13.3497	0
123.6	13.3498	0
123.7	13.3498	0
123.8	13.3499	0
123.9	13.35	0
124	13.35	0
124.1	13.3501	0
124.2	13.3501	0
124.3	13.3502	0
124.4	13.3502	0
124.5	13.3503	0
124.6	13.3503	0
124.7	13.3504	0
124.8	13.3504	0
124.9	13.3504	0
125	13.3505	0
125.1	13.3511	0
125.2	13.353	0
125.3	13.3567	0
125.4	13.3624	0
125.5	13.3705	0
125.6	13.381	0
125.7	13.394	0
125.8	13.4096	0
125.9	13.4277	0
126	13.4482	0
126.1	13.4712	0
126.2	13.4964	0
126.3	13.5238	0
126.4	13.5532	0
126.5	13.5844	0
126.6	13.6173	0
126.7	13.6516	0
126.8	13.6872	0
126.9	13.724	0
127	13.7618	0
127.1	13.8005	0
127.2	13.84	0
127.3	13.8803	0
127.4	13.9213	0
127.5	13.963	0
127.6	14.0054	0
127.7	14.0487	0
127.8	14.0929	0
127.9	14.1381	0
128	14.1845	0
128.1	14.2322	0
128.2	14.2813	0
128.3	14.3321	0
128.4	14.3847	0
128.5	14.4393	0
128.6	14.4962	0
128.7	14.5554	0
128.8	14.6173	0
128.9	14.682	0
129	14.7497	0
129.1	14.8207	0
129.2	14.895	0
129.3	14.973	0
129.4	15.0549	0
129.5	15.141	0
129.6	15.2314	0
129.7	15.3265	0
129.8	15.4265	0
129.9	15.5318	0
130	15.6427	0
130.1	15.7595	0
130.2	15.8825	0
130.3	16.0118	0
130.4	16.1477	0
130.5	16.2901	0
130.6	16.4389	0
130.7	16.5937	0
130.8	16.7538	0
130.9	16.9183	0
131	17.0858	0
131.1	17.2549	0
131.2	17.4236	0
131.3	17.5899	0
131.4	17.7517	0
131.5	17.9071	0
131.6	18.0543	0
131.7	18.1919	0
131.8	18.3189	0
131.9	18.4347	0
132	18.5394	0
132.1	18.6334	0
132.2	18.7176	0
132.3	18.793	0
132.4	18.861	0
132.5	18.9229	0
132.6	18.9802	0
132.7	19.034	0
132.8	19.0854	0
132.9	19.1351	0
133	19.1836	0
133.1	19.231	0
133.2	19.2775	0
133.3	19.3226	0
133.4	19.3659	0
133.5	19.4069	0
133.6	19.4451	0
133.7	19.4796	0
133.8	19.5101	0
133.9	19.5359	0
134	19.5566	0
134.1	19.5721	0
134.2	19.5821	0
134.3	19.5868	0
134.4	19.5864	0
134.5	19.5812	0
134.6	19.5719	0
134.7	19.5589	0
134.8	19.5432	0
134.9	19.5254	0
135	19.5065	0
135.1	19.4873	0
135.2	19.4687	0
135.3	19.4513	0
135.4	19.436	0
135.5	19.4233	0
135.6	19.4136	0
135.7	19.4072	0
135.8	19.4044	0
135.9	19.4051	0
136	19.4092	0
136.1	19.4166	0
136.2	19.427	0
136.3	19.4398	0
136.4	19.4547	0
136.5	19.4711	0
136.6	19.4885	0
136.7	19.5064	0
136.8	19.5242	0
136.9	19.5416	0
137	19.558	0
137.1	19.5731	0
137.2	19.5866	0
137.3	19.5983	0
137.4	19.608	0
137.5	19.6157	0
137.6	19.6213	0
137.7	19.6248	0
137.8	19.6265	0
137.9	19.6264	0
138	19.6248	0
138.1	19.6218	0
138.2	19.6179	0
138.3	19.6131	0
138.4	19.6079	0
138.5	19.6025	0
138.6	19.5971	0
138.7	19.5919	0
138.8	19.5873	0
138.9	19.5832	0
139	19.5799	0
139.1	19.5775	0
139.2	19.5759	0
139.3	19.5753	0
139.4	19.5756	0
139.5	19.5768	0
139.6	19.5787	0
139.7	19.5813	0
139.8	19.5845	0
139.9	19.5882	0
140	19.5921	0
140.1	19.5962	0
140.2	19.6003	0
140.3	19.6044	0
140.4	19.6082	0
140.5	19.6117	0
140.6	19.6149	0
140.7	19.6176	0
140.8	19.6198	0
140.9	19.6214	0
141	19.6226	0
141.1	19.6232	0
141.2	19.6233	0
141.3	19.6229	0
141.4	19.6221	0
141.5	19.621	0
141.6	19.6196	0
141.7	19.618	0
141.8	19.6163	0
141.9	19.6145	0
142	19.6127	0
142.1	19.6109	0
142.2	19.6094	0
142.3	19.608	0
142.4	19.6068	0
142.5	19.6059	0
142.6	19.6052	0
142.7	19.6049	0
142.8	19.6048	0
142.9	19.6051	0
143	19.6056	0
143.1	19.6063	0
143.2	19.6073	0
143.3	19.6085	0
143.4	19.6097	0
143.5	19.6111	0
143.6	19.6126	0
143.7	19.6141	0
143.8	19.6156	0
143.9	19.617	0
144	19.6183	0
144.1	19.6195	0
144.2	19.6206	0
144.3	19.6215	0
144.4	19.6223	0
144.5	19.6229	0
144.6	19.6233	0
144.7	19.6235	0
144.8	19.6235	0
144.9	19.6234	0
145	19.6232	0
145.1	19.6228	0
145.2	19.6222	0
145.3	19.6216	0
145.4	19.621	0
145.5	19.6202	0
145.6	19.6195	0
145.7	19.6187	0
145.8	19.618	0
145.9	19.6172	0
146	19.6166	0
146.1	19.6159	0
146.2	19.6154	0
146.3	19.6149	0
146.4	19.6145	0
146.5	19.6142	0
146.6	19.614	0
146.7	19.6138	0
146.8	19.6138	0
146.9	19.6138	0
147	19.6139	0
147.1	19.614	0
147.2	19.6142	0
147.3	19.6145	0
147.4	19.6148	0
147.5	19.6151	0
147.6	19.6154	0
147.7	19.6158	0
147.8	19.6161	0
147.9	19.6164	0
148	19.6168	0
148.1	19.6171	0
148.2	19.6174	0
148.3	19.6176	0
148.4	19.6178	0
148.5	19.618	0
148.6	19.6182	0
148.7	19.6183	0
148.8	19.6184	0
148.9	19.6184	0
149	19.6185	0
149.1	19.6185	0
149.2	19.6185	0
149.3	19.6184	0
149.4	19.6184	0
149.5	19.6183	0
149.6	19.6182	0
149.7	19.6181	0
149.8	19.618	0
149.9	19.6179	0
150	19.6178	0
150.1	19.6171	0
150.2	19.6151	0
150.3	19.6114	0
150.4	19.6056	0
150.5	19.5975	0
150.6	19.587	0
150.7	19.574	0
150.8	19.5586	0
150.9	19.5408	0
151	19.5208	0
151.1	19.4987	0
151.2	19.4748	0
151.3	19.4495	0
151.4	19.423	0
151.5	19.3958	0
151.6	19.3683	0
151.7	19.341	0
151.8	19.3143	0
151.9	19.2887	0
152	19.2645	0
152.1	19.2422	0
152.2	19.2221	0
152.3	19.2045	0
152.4	19.1896	0
152.5	19.1775	0
152.6	19.1683	0
152.7	19.1621	0
152.8	19.1587	0
152.9	19.1581	0
153	19.1601	0
153.1	19.1644	0
153.2	19.1709	0
153.3	19.1792	0
153.4	19.1892	0
153.5	19.2004	0
153.6	19.2125	0
153.7	19.2254	0
153.8	19.2386	0
153.9	19.252	0
154	19.2652	0
154.1	19.2781	0
154.2	19.2904	0
154.3	19.302	0
154.4	19.3129	0
154.5	19.3228	0
154.6	19.3317	0
154.7	19.3395	0
154.8	19.3463	0
154.9	19.3521	0
155	19.3568	0
155.1	19.3606	0
155.2	19.3634	0
155.3	19.3654	0
155.4	19.3667	0
155.5	19.3673	0
155.6	19.3673	0
155.7	19.3668	0
155.8	19.3659	0
155.9	19.3648	0
156	19.3634	0
156.1	19.362	0
156.2	19.3605	0
156.3	19.359	0
156.4	19.3576	0
156.5	19.3564	0
156.6	19.3554	0
156.7	19.3546	0
156.8	19.3541	0
156.9	19.3539	0
157	19.3541	0
157.1	19.3545	0
157.2	19.3553	0
157.3	19.3564	0
157.4	19.3578	0
157.5	19.3596	0
157.6	19.3617	0
157.7	19.3641	0
157.8	19.3668	0
157.9	19.3697	0
158	19.373	0
158.1	19.3764	0
158.2	19.3802	0
158.3	19.3841	0
158.4	19.3882	0
158.5	19.3926	0
158.6	19.3971	0
158.7	19.4019	0
158.8	19.4068	0
158.9	19.4118	0
159	19.4171	0
159.1	19.4225	0
159.2	19.4281	0
159.3	19.4339	0
159.4	19.4398	0
159.5	19.4459	0
159.6	19.4523	0
159.7	19.4588	0
159.8	19.4655	0
159.9	19.4724	0
160	19.4795	0
160.1	19.4867	0
160.2	19.4942	0
160.3	19.5019	0
160.4	19.5097	0
160.5	19.5177	0
160.6	19.5258	0
160.7	19.534	0
160.8	19.5423	0
160.9	19.5507	0
161	19.559	0
161.1	19.5673	0
161.2	19.5755	0
161.3	19.5836	0
161.4	19.5916	0
161.5	19.5993	0
161.6	19.6069	0
161.7	19.6141	0
161.8	19.6211	0
161.9	19.6277	0
162	19.634	0
162.1	19.6399	0
162.2	19.6454	0
162.3	19.6505	0
162.4	19.6553	0
162.5	19.6596	0
162.6	19.6635	0
162.7	19.667	0
162.8	19.67	0
162.9	19.6727	0
163	19.6749	0
163.1	19.6768	0
163.2	19.6783	0
163.3	19.6794	0
163.4	19.6801	0
163.5	19.6805	0
163.6	19.6805	0
163.7	19.6802	0
163.8	19.6795	0
163.9	19.6786	0
164	19.6774	0
164.1	19.6759	0
164.2	19.6742	0
164.3	19.6722	0
164.4	19.67	0
164.5	19.6676	0
164.6	19.6651	0
164.7	19.6624	0
164.8	19.6596	0
164.9	19.6567	0
165	19.6538	0
165.1	19.6508	0
165.2	19.6478	0
165.3	19.6449	0
165.4	19.642	0
165.5	19.6391	0
165.6	19.6364	0
165.7	19.6338	0
165.8	19.6313	0
165.9	19.629	0
166	19.6269	0
166.1	19.625	0
166.2	19.6233	0
166.3	19.6218	0
166.4	19.6205	0
166.5	19.6195	0
166.6	19.6186	0
166.7	19.618	0
166.8	19.6177	0
166.9	19.6175	0
167	19.6175	0
167.1	19.6177	0
167.2	19.6181	0
167.3	19.6187	0
167.4	19.6194	0
167.5	19.6202	0
167.6	19.6211	0
167.7	19.6221	0
167.8	19.6231	0
167.9	19.6242	0
168	19.6254	0
168.1	19.6265	0
168.2	19.6277	0
168.3	19.6288	0
168.4	19.6299	0
168.5	19.6309	0
168.6	19.6319	0
168.7	19.6329	0
168.8	19.6337	0
168.9	19.6345	0
169	19.6352	0
169.1	19.6358	0
169.2	19.6364	0
169.3	19.6368	0
169.4	19.6372	0
169.5	19.6374	0
169.6	19.6377	0
169.7	19.6378	0
169.8	19.6378	0
169.9	19.6378	0
170	19.6378	0
170.1	19.6377	0
170.2	19.6375	0
170.3	19.6373	0
170.4	19.6371	0
170.5	19.6368	0
170.6	19.6365	0
170.7	19.6362	0
170.8	19.6359	0
170.9	19.6356	0
171	19.6353	0
171.1	19.635	0
171.2	19.6347	0
171.3	19.6344	0
171.4	19.6341	0
171.5	19.6339	0
171.6	19.6336	0
171.7	19.6334	0
171.8	19.6332	0
171.9	19.633	0
172	19.6329	0
172.1	19.6327	0
172.2	19.6326	0
172.3	19.6326	0
172.4	19.6325	0
172.5	19.6324	0
172.6	19.6324	0
172.7	19.6324	0
172.8	19.6324	0
172.9	19.6324	0
173	19.6324	0
173.1	19.6325	0
173.2	19.6325	0
173.3	19.6326	0
173.4	19.6326	0
173.5	19.6327	0
173.6	19.6327	0
173.7	19.6328	0
173.8	19.6329	0
173.9	19.6329	0
174	19.633	0
174.1	19.6331	0
174.2	19.6331	0
174.3	19.6332	0
174.4	19.6332	0
174.5	19.6333	0
174.6	19.6333	0
174.7	19.6334	0
174.8	19.6334	0
174.9	19.6334	0
175	19.6335	0
175.1	19.6341	0
175.2	19.636	0
175.3	19.6397	0
175.4	19.6454	0
175.5	19.6535	0
175.6	19.664	0
175.7	19.677	0
175.8	19.6926	0
175.9	19.7107	0
176	19.7312	0
176.1	19.7542	0
176.2	19.7794	0
176.3	19.8068	0
176.4	19.8362	0
176.5	19.8674	0
176.6	19.9003	0
176.7	19.9346	0
176.8	19.9702	0
176.9	20.007	0
177	20.0448	0
177.1	20.0835	0
177.2	20.123	0
177.3	20.1632	0
177.4	20.2042	0
177.5	20.2459	0
177.6	20.2884	0
177.7	20.3317	0
177.8	20.3758	0
177.9	20.421	0
178	20.4674	0
178.1	20.515	0
178.2	20.5642	0
178.3	20.6149	0
178.4	20.6675	0
178.5	20.7221	0
178.6	20.779	0
178.7	20.8382	0
178.8	20.9001	0
178.9	20.9647	0
179	21.0324	0
179.1	21.1033	0
179.2	21.1776	0
179.3	21.2556	0
179.4	21.3374	0
179.5	21.4234	0
179.6	21.5138	0
179.7	21.6088	0
179.8	21.7088	0
179.9	21.814	0
180	21.9249	0
180.1	22.0416	0
180.2	22.1644	0
180.3	22.2937	0
180.4	22.4295	0
180.5	22.5718	0
180.6	22.7205	0
180.7	22.8752	0
180.8	23.0352	0
180.9	23.1996	0
181	23.3671	0
181.1	23.5361	0
181.2	23.7048	0
181.3	23.871	0
181.4	24.0329	0
181.5	24.1883	0
181.6	24.3356	0
181.7	24.4732	0
181.8	24.6003	0
181.9	24.7162	0
182	24.821	0
182.1	24.9151	0
182.2	24.9993	0
182.3	25.0748	0
182.4	25.1428	0
182.5	25.2048	0
182.6	25.2622	0
182.7	25.316	0
182.8	25.3674	0
182.9	25.4171	0
183	25.4655	0
183.1	25.513	0
183.2	25.5595	0
183.3	25.6046	0
183.4	25.648	0
183.5	25.6891	0
183.6	25.7273	0
183.7	25.7619	0
183.8	25.7924	0
183.9	25.8183	0
184	25.8391	0
184.1	25.8547	0
184.2	25.8648	0
184.3	25.8696	0
184.4	25.8693	0
184.5	25.8642	0
184.6	25.8548	0
184.7	25.8419	0
184.8	25.8262	0
184.9	25.8084	0
185	25.7895	0
185.1	25.7702	0
185.2	25.7515	0
185.3	25.7342	0
185.4	25.7188	0
185.5	25.7059	0
185.6	25.6961	0
185.7	25.6897	0
185.8	25.6867	0
185.9	25.6874	0
186	25.6915	0
186.1	25.6988	0
186.2	25.7091	0
186.3	25.7219	0
186.4	25.7367	0
186.5	25.7531	0
186.6	25.7706	0
186.7	25.7885	0
186.8	25.8064	0
186.9	25.8238	0
187	25.8403	0
187.1	25.8555	0
187.2	25.869	0
187.3	25.8808	0
187.4	25.8906	0
187.5	25.8983	0
187.6	25.9039	0
187.7	25.9075	0
187.8	25.9092	0
187.9	25.9092	0
188	25.9076	0
188.1	25.9046	0
188.2	25.9006	0
188.3	25.8959	0
188.4	25.8906	0
188.5	25.8851	0
188.6	25.8797	0
188.7	25.8744	0
188.8	25.8697	0
188.9	25.8656	0
189	25.8622	0
189.1	25.8597	0
189.2	25.8581	0
189.3	25.8574	0
189.4	25.8577	0
189.5	25.8588	0
189.6	25.8608	0
189.7	25.8634	0
189.8	25.8666	0
189.9	25.8702	0
190	25.8742	0
190.1	25.8784	0
190.2	25.8826	0
190.3	25.8867	0
190.4	25.8906	0
190.5	25.8942	0
190.6	25.8974	0
190.7	25.9002	0
190.8	25.9024	0
190.9	25.9042	0
191	25.9053	0
191.1	25.906	0
191.2	25.9061	0
191.3	25.9058	0
191.4	25.905	0
191.5	25.9039	0
191.6	25.9025	0
191.7	25.9008	0
191.8	25.899	0
191.9	25.8972	0
192	25.8953	0
192.1	25.8935	0
192.2	25.8918	0
192.3	25.8904	0
192.4	25.8891	0
192.5	25.8881	0
192.6	25.8874	0
192.7	25.8871	0
192.8	25.887	0
192.9	25.8872	0
193	25.8877	0
193.1	25.8884	0
193.2	25.8894	0
193.3	25.8906	0
193.4	25.8919	0
193.5	25.8934	0
193.6	25.8949	0
193.7	25.8965	0
193.8	25.898	0
193.9	25.8995	0
194	25.901	0
194.1	25.9023	0
194.2	25.9035	0
194.3	25.9046	0
194.4	25.9054	0
194.5	25.9061	0
194.6	25.9066	0
194.7	25.9069	0
194.8	25.907	0
194.9	25.907	0
195	25.9068	0
195.1	25.9064	0
195.2	25.9059	0
195.3	25.9053	0
195.4	25.9047	0
195.5	25.9039	0
195.6	25.9032	0
195.7	25.9024	0
195.8	25.9016	0
195.9	25.9008	0
196	25.9	0
196.1	25.8993	0
196.2	25.8987	0
196.3	25.8982	0
196.4	25.8977	0
196.5	25.8973	0
196.6	25.897	0
196.7	25.8968	0
196.8	25.8967	0
196.9	25.8967	0
197	25.8967	0
197.1	25.8968	0
197.2	25.897	0
197.3	25.8972	0
197.4	25.8975	0
197.5	25.8978	0
197.6	25.8981	0
197.7	25.8985	0
197.8	25.8988	0
197.9	25.8992	0
198	25.8995	0
198.1	25.8999	0
198.2	25.9002	0
198.3	25.9005	0
198.4	25.9007	0
198.5	25.9009	0
198.6	25.9011	0
198.7	25.9013	0
198.8	25.9014	0
198.9	25.9015	0
199	25.9015	0
199.1	25.9016	0
199.2	25.9016	0
199.3	25.9015	0
199.4	25.9015	0
199.5	25.9014	0
199.6	25.9014	0
199.7	25.9013	0
199.8	25.9012	0
199.9	25.9011	0
200	25.901	0
200.1	25.9002	0
200.2	25.8983	0
200.3	25.8945	0
200.4	25.8887	0
200.5	25.8806	0
200.6	25.8701	0
200.7	25.8571	0
200.8	25.8417	0
200.9	25.8239	0
201	25.8039	0
201.1	25.7818	0
201.2	25.7579	0
201.3	25.7326	0
201.4	25.7061	0
201.5	25.6789	0
201.6	25.6514	0
201.7	25.624	0
201.8	25.5973	0
201.9	25.5717	0
