#Phi(JJ2)
0	0.0136979	0
0.1	0.0395816	0
0.2	0.0759432	0
0.3	0.121012	0
0.4	0.173036	0
0.5	0.230333	0
0.6	0.291326	0
0.7	0.354565	0
0.8	0.418744	0
0.9	0.482713	0
1	0.545479	0
1.1	0.606205	0
1.2	0.664209	0
1.3	0.718953	0
1.4	0.770034	0
1.5	0.817168	0
1.6	0.860181	0
1.7	0.89899	0
1.8	0.933592	0
1.9	0.964051	0
2	0.990484	0
2.1	1.01305	0
2.2	1.03194	0
2.3	1.04738	0
2.4	1.05959	0
2.5	1.06881	0
2.6	1.07531	0
2.7	1.07931	0
2.8	1.08108	0
2.9	1.08085	0
3	1.07885	0
3.1	1.0753	0
3.2	1.07041	0
3.3	1.06439	0
3.4	1.05741	0
3.5	1.04966	0
3.6	1.04129	0
3.7	1.03246	0
3.8	1.02329	0
3.9	1.01392	0
4	1.00446	0
4.1	0.995003	0
4.2	0.985647	0
4.3	0.976471	0
4.4	0.967545	0
4.5	0.958929	0
4.6	0.950676	0
4.7	0.94283	0
4.8	0.935426	0
4.9	0.928494	0
5	0.922053	0
5.1	0.91612	0
5.2	0.910703	0
5.3	0.905807	0
5.4	0.901428	0
5.5	0.897561	0
5.6	0.894195	0
5.7	0.891316	0
5.8	0.888906	0
5.9	0.886945	0
6	0.88541	0
6.1	0.884276	0
6.2	0.883516	0
6.3	0.883102	0
6.4	0.883005	0
6.5	0.883196	0
6.6	0.883645	0
6.7	0.884322	0
6.8	0.885199	0
6.9	0.886246	0
7	0.887436	0
7.1	0.888742	0
7.2	0.890139	0
7.3	0.891602	0
7.4	0.89311	0
7.5	0.894642	0
7.6	0.896177	0
7.7	0.897699	0
7.8	0.899193	0
7.9	0.900644	0
8	0.90204	0
8.1	0.903372	0
8.2	0.90463	0
8.3	0.905808	0
8.4	0.906899	0
8.5	0.907902	0
8.6	0.908812	0
8.7	0.909629	0
8.8	0.910352	0
8.9	0.910983	0
9	0.911524	0
9.1	0.911977	0
9.2	0.912346	0
9.3	0.912635	0
9.4	0.912849	0
9.5	0.912993	0
9.6	0.913072	0
9.7	0.913093	0
9.8	0.91306	0
9.9	0.91298	0
10	0.912858	0
10.1	0.912701	0
10.2	0.912513	0
10.3	0.9123	0
10.4	0.912067	0
10.5	0.91182	0
10.6	0.911561	0
10.7	0.911297	0
10.8	0.91103	0
10.9	0.910764	0
11	0.910502	0
11.1	0.910246	0
11.2	0.91	0
11.3	0.909765	0
11.4	0.909543	0
11.5	0.909334	0
11.6	0.90914	0
11.7	0.908962	0
11.8	0.908801	0
11.9	0.908655	0
12	0.908526	0
12.1	0.908413	0
12.2	0.908315	0
12.3	0.908232	0
12.4	0.908164	0
12.5	0.908109	0
12.6	0.908067	0
12.7	0.908036	0
12.8	0.908017	0
12.9	0.908007	0
13	0.908006	0
13.1	0.908013	0
13.2	0.908026	0
13.3	0.908046	0
13.4	0.90807	0
13.5	0.908099	0
13.6	0.908131	0
13.7	0.908166	0
13.8	0.908202	0
13.9	0.90824	0
14	0.908278	0
14.1	0.908316	0
14.2	0.908354	0
14.3	0.908392	0
14.4	0.908428	0
14.5	0.908463	0
14.6	0.908497	0
14.7	0.908528	0
14.8	0.908558	0
14.9	0.908586	0
15	0.908612	0
15.1	0.908635	0
15.2	0.908657	0
15.3	0.908676	0
15.4	0.908694	0
15.5	0.908709	0
15.6	0.908722	0
15.7	0.908734	0
15.8	0.908743	0
15.9	0.908751	0
16	0.908758	0
16.1	0.908763	0
16.2	0.908766	0
16.3	0.908769	0
16.4	0.90877	0
16.5	0.90877	0
16.6	0.90877	0
16.7	0.908768	0
16.8	0.908766	0
16.9	0.908763	0
17	0.90876	0
17.1	0.908756	0
17.2	0.908752	0
17.3	0.908748	0
17.4	0.908743	0
17.5	0.908738	0
17.6	0.908734	0
17.7	0.908729	0
17.8	0.908724	0
17.9	0.908719	0
18	0.908714	0
18.1	0.90871	0
18.2	0.908705	0
18.3	0.908701	0
18.4	0.908697	0
18.5	0.908693	0
18.6	0.908689	0
18.7	0.908686	0
18.8	0.908683	0
18.9	0.90868	0
19	0.908677	0
19.1	0.908675	0
19.2	0.908673	0
19.3	0.908671	0
19.4	0.908669	0
19.5	0.908668	0
19.6	0.908667	0
19.7	0.908666	0
19.8	0.908665	0
19.9	0.908665	0
20	0.908664	0
20.1	0.908664	0
20.2	0.908664	0
20.3	0.908664	0
20.4	0.908665	0
20.5	0.908665	0
20.6	0.908665	0
20.7	0.908666	0
20.8	0.908667	0
20.9	0.908667	0
21	0.908668	0
21.1	0.908669	0
21.2	0.90867	0
21.3	0.90867	0
21.4	0.908671	0
21.5	0.908672	0
21.6	0.908673	0
21.7	0.908674	0
21.8	0.908675	0
21.9	0.908675	0
22	0.908676	0
22.1	0.908677	0
22.2	0.908677	0
22.3	0.908678	0
22.4	0.908678	0
22.5	0.908679	0
22.6	0.908679	0
22.7	0.90868	0
22.8	0.90868	0
22.9	0.90868	0
23	0.90868	0
23.1	0.908681	0
23.2	0.908681	0
23.3	0.908681	0
23.4	0.908681	0
23.5	0.908681	0
23.6	0.908681	0
23.7	0.908681	0
23.8	0.908681	0
23.9	0.90868	0
24	0.90868	0
24.1	0.90868	0
24.2	0.90868	0
24.3	0.90868	0
24.4	0.90868	0
24.5	0.908679	0
24.6	0.908679	0
24.7	0.908679	0
24.8	0.908679	0
24.9	0.908679	0
25	0.914889	0
25.1	0.932943	0
25.2	0.966361	0
25.3	1.01648	0
25.4	1.08294	0
25.5	1.16424	0
25.6	1.25824	0
25.7	1.36255	0
25.8	1.47482	0
25.9	1.59285	0
26	1.71474	0
26.1	1.83891	0
26.2	1.96409	0
26.3	2.08937	0
26.4	2.21407	0
26.5	2.33781	0
26.6	2.46037	0
26.7	2.58172	0
26.8	2.70198	0
26.9	2.82133	0
27	2.94006	0
27.1	3.05846	0
27.2	3.17687	0
27.3	3.29561	0
27.4	3.41496	0
27.5	3.53517	0
27.6	3.65643	0
27.7	3.77882	0
27.8	3.90236	0
27.9	4.02693	0
28	4.15231	0
28.1	4.27813	0
28.2	4.40394	0
28.3	4.52912	0
28.4	4.65299	0
28.5	4.77478	0
28.6	4.89365	0
28.7	5.00877	0
28.8	5.11931	0
28.9	5.22449	0
29	5.32364	0
29.1	5.41618	0
29.2	5.50169	0
29.3	5.5799	0
29.4	5.65069	0
29.5	5.71411	0
29.6	5.77038	0
29.7	5.81985	0
29.8	5.86299	0
29.9	5.9004	0
30	5.93275	0
30.1	5.9608	0
30.2	5.98532	0
30.3	6.00714	0
30.4	6.02707	0
30.5	6.0459	0
30.6	6.06441	0
30.7	6.08329	0
30.8	6.10318	0
30.9	6.12466	0
31	6.14816	0
31.1	6.17406	0
31.2	6.20258	0
31.3	6.23384	0
31.4	6.26786	0
31.5	6.3045	0
31.6	6.34355	0
31.7	6.38469	0
31.8	6.42753	0
31.9	6.47163	0
32	6.51648	0
32.1	6.5616	0
32.2	6.60649	0
32.3	6.65068	0
32.4	6.69375	0
32.5	6.73531	0
32.6	6.77505	0
32.7	6.81273	0
32.8	6.84815	0
32.9	6.88119	0
33	6.91179	0
33.1	6.93993	0
33.2	6.96565	0
33.3	6.98899	0
33.4	7.01006	0
33.5	7.02894	0
33.6	7.04574	0
33.7	7.06059	0
33.8	7.07358	0
33.9	7.08481	0
34	7.09436	0
34.1	7.10233	0
34.2	7.10876	0
34.3	7.11373	0
34.4	7.11727	0
34.5	7.11945	0
34.6	7.12029	0
34.7	7.11987	0
34.8	7.11823	0
34.9	7.11545	0
35	7.11162	0
35.1	7.10683	0
35.2	7.1012	0
35.3	7.09487	0
35.4	7.08797	0
35.5	7.08068	0
35.6	7.07317	0
35.7	7.0656	0
35.8	7.05816	0
35.9	7.05102	0
36	7.04435	0
36.1	7.03831	0
36.2	7.03303	0
36.3	7.02862	0
36.4	7.02519	0
36.5	7.0228	0
36.6	7.02149	0
36.7	7.02126	0
36.8	7.0221	0
36.9	7.02396	0
37	7.02677	0
37.1	7.03045	0
37.2	7.03487	0
37.3	7.03991	0
37.4	7.04544	0
37.5	7.05131	0
37.6	7.05737	0
37.7	7.06349	0
37.8	7.06953	0
37.9	7.07536	0
38	7.08086	0
38.1	7.08593	0
38.2	7.09049	0
38.3	7.09448	0
38.4	7.09784	0
38.5	7.10056	0
38.6	7.10262	0
38.7	7.10403	0
38.8	7.10482	0
38.9	7.10503	0
39	7.10472	0
39.1	7.10395	0
39.2	7.1028	0
39.3	7.10133	0
39.4	7.09963	0
39.5	7.09778	0
39.6	7.09586	0
39.7	7.09394	0
39.8	7.09209	0
39.9	7.09036	0
40	7.08882	0
40.1	7.08749	0
40.2	7.08641	0
40.3	7.0856	0
40.4	7.08507	0
40.5	7.08482	0
40.6	7.08484	0
40.7	7.08511	0
40.8	7.0856	0
40.9	7.0863	0
41	7.08716	0
41.1	7.08815	0
41.2	7.08922	0
41.3	7.09035	0
41.4	7.0915	0
41.5	7.09263	0
41.6	7.0937	0
41.7	7.0947	0
41.8	7.09559	0
41.9	7.09637	0
42	7.09701	0
42.1	7.09752	0
42.2	7.09788	0
42.3	7.0981	0
42.4	7.09818	0
42.5	7.09815	0
42.6	7.098	0
42.7	7.09775	0
42.8	7.09743	0
42.9	7.09706	0
43	7.09664	0
43.1	7.09621	0
43.2	7.09578	0
43.3	7.09537	0
43.4	7.09499	0
43.5	7.09466	0
43.6	7.09438	0
43.7	7.09417	0
43.8	7.09404	0
43.9	7.09398	0
44	7.09399	0
44.1	7.09408	0
44.2	7.09423	0
44.3	7.09445	0
44.4	7.09471	0
44.5	7.09503	0
44.6	7.09537	0
44.7	7.09574	0
44.8	7.09612	0
44.9	7.0965	0
45	7.09687	0
45.1	7.09721	0
45.2	7.09753	0
45.3	7.09781	0
45.4	7.09805	0
45.5	7.09825	0
45.6	7.09839	0
45.7	7.09848	0
45.8	7.09851	0
45.9	7.0985	0
46	7.09843	0
46.1	7.09832	0
46.2	7.09817	0
46.3	7.09799	0
46.4	7.09778	0
46.5	7.09754	0
46.6	7.09729	0
46.7	7.09703	0
46.8	7.09677	0
46.9	7.09652	0
47	7.09627	0
47.1	7.09604	0
47.2	7.09583	0
47.3	7.09565	0
47.4	7.09549	0
47.5	7.09536	0
47.6	7.09527	0
47.7	7.0952	0
47.8	7.09517	0
47.9	7.09517	0
48	7.09519	0
48.1	7.09524	0
48.2	7.09532	0
48.3	7.09542	0
48.4	7.09553	0
48.5	7.09566	0
48.6	7.0958	0
48.7	7.09594	0
48.8	7.09609	0
48.9	7.09624	0
49	7.09638	0
49.1	7.09652	0
49.2	7.09665	0
49.3	7.09677	0
49.4	7.09688	0
49.5	7.09697	0
49.6	7.09705	0
49.7	7.09712	0
49.8	7.09716	0
49.9	7.0972	0
50	7.09101	0
50.1	7.07299	0
50.2	7.03966	0
50.3	6.98979	0
50.4	6.92392	0
50.5	6.84389	0
50.6	6.7523	0
50.7	6.6522	0
50.8	6.54673	0
50.9	6.43902	0
51	6.33193	0
51.1	6.22807	0
51.2	6.12965	0
51.3	6.03848	0
51.4	5.95597	0
51.5	5.88315	0
51.6	5.82067	0
51.7	5.76885	0
51.8	5.72774	0
51.9	5.69711	0
52	5.67656	0
52.1	5.66549	0
52.2	5.66319	0
52.3	5.66882	0
52.4	5.68151	0
52.5	5.70031	0
52.6	5.72426	0
52.7	5.75242	0
52.8	5.78383	0
52.9	5.81761	0
53	5.85291	0
53.1	5.88893	0
53.2	5.92498	0
53.3	5.96043	0
53.4	5.99473	0
53.5	6.02743	0
53.6	6.05817	0
53.7	6.08668	0
53.8	6.11276	0
53.9	6.13629	0
54	6.15724	0
54.1	6.17562	0
54.2	6.1915	0
54.3	6.20501	0
54.4	6.21631	0
54.5	6.22558	0
54.6	6.23304	0
54.7	6.23891	0
54.8	6.24342	0
54.9	6.2468	0
55	6.2493	0
55.1	6.25112	0
55.2	6.25248	0
55.3	6.25358	0
55.4	6.25458	0
55.5	6.25566	0
55.6	6.25695	0
55.7	6.25857	0
55.8	6.26063	0
55.9	6.2632	0
56	6.26635	0
56.1	6.27013	0
56.2	6.27458	0
56.3	6.27971	0
56.4	6.28553	0
56.5	6.29205	0
56.6	6.29926	0
56.7	6.30714	0
56.8	6.31567	0
56.9	6.32484	0
57	6.33462	0
57.1	6.34498	0
57.2	6.35591	0
57.3	6.36738	0
57.4	6.37937	0
57.5	6.39185	0
57.6	6.40483	0
57.7	6.41828	0
57.8	6.43218	0
57.9	6.44654	0
58	6.46134	0
58.1	6.47657	0
58.2	6.49224	0
58.3	6.50833	0
58.4	6.52485	0
58.5	6.54178	0
58.6	6.55911	0
58.7	6.57685	0
58.8	6.59497	0
58.9	6.61346	0
59	6.63231	0
59.1	6.6515	0
59.2	6.67101	0
59.3	6.69082	0
59.4	6.7109	0
59.5	6.73124	0
59.6	6.7518	0
59.7	6.77256	0
59.8	6.7935	0
59.9	6.81458	0
60	6.83579	0
60.1	6.85709	0
60.2	6.87846	0
60.3	6.89987	0
60.4	6.92129	0
60.5	6.94269	0
60.6	6.96402	0
60.7	6.98527	0
60.8	7.00637	0
60.9	7.0273	0
61	7.04799	0
61.1	7.06841	0
61.2	7.0885	0
61.3	7.1082	0
61.4	7.12745	0
61.5	7.14619	0
61.6	7.16434	0
61.7	7.18185	0
61.8	7.19863	0
61.9	7.21462	0
62	7.22975	0
62.1	7.24396	0
62.2	7.25716	0
62.3	7.26932	0
62.4	7.28035	0
62.5	7.29023	0
62.6	7.29889	0
62.7	7.30632	0
62.8	7.31248	0
62.9	7.31736	0
63	7.32095	0
63.1	7.32326	0
63.2	7.3243	0
63.3	7.32412	0
63.4	7.32274	0
63.5	7.32023	0
63.6	7.31665	0
63.7	7.31206	0
63.8	7.30656	0
63.9	7.30024	0
64	7.29319	0
64.1	7.28553	0
64.2	7.27736	0
64.3	7.26879	0
64.4	7.25995	0
64.5	7.25093	0
64.6	7.24187	0
64.7	7.23285	0
64.8	7.224	0
64.9	7.2154	0
65	7.20713	0
65.1	7.1993	0
65.2	7.19195	0
65.3	7.18516	0
65.4	7.17897	0
65.5	7.17342	0
65.6	7.16853	0
65.7	7.16433	0
65.8	7.16081	0
65.9	7.15797	0
66	7.1558	0
66.1	7.15428	0
66.2	7.15337	0
66.3	7.15304	0
66.4	7.15324	0
66.5	7.15392	0
66.6	7.15505	0
66.7	7.15656	0
66.8	7.1584	0
66.9	7.16051	0
67	7.16284	0
67.1	7.16535	0
67.2	7.16797	0
67.3	7.17067	0
67.4	7.17339	0
67.5	7.1761	0
67.6	7.17876	0
67.7	7.18134	0
67.8	7.1838	0
67.9	7.18613	0
68	7.18831	0
68.1	7.19031	0
68.2	7.19214	0
68.3	7.19377	0
68.4	7.19522	0
68.5	7.19647	0
68.6	7.19752	0
68.7	7.1984	0
68.8	7.19909	0
68.9	7.19961	0
69	7.19997	0
69.1	7.20018	0
69.2	7.20026	0
69.3	7.20021	0
69.4	7.20006	0
69.5	7.19982	0
69.6	7.19949	0
69.7	7.1991	0
69.8	7.19865	0
69.9	7.19816	0
70	7.19764	0
70.1	7.1971	0
70.2	7.19655	0
70.3	7.19601	0
70.4	7.19547	0
70.5	7.19494	0
70.6	7.19443	0
70.7	7.19395	0
70.8	7.19349	0
70.9	7.19307	0
71	7.19268	0
71.1	7.19232	0
71.2	7.192	0
71.3	7.19171	0
71.4	7.19146	0
71.5	7.19125	0
71.6	7.19106	0
71.7	7.19091	0
71.8	7.19079	0
71.9	7.19069	0
72	7.19062	0
72.1	7.19057	0
72.2	7.19055	0
72.3	7.19054	0
72.4	7.19055	0
72.5	7.19057	0
72.6	7.19061	0
72.7	7.19065	0
72.8	7.19071	0
72.9	7.19077	0
73	7.19083	0
73.1	7.1909	0
73.2	7.19097	0
73.3	7.19104	0
73.4	7.19112	0
73.5	7.19119	0
73.6	7.19126	0
73.7	7.19133	0
73.8	7.1914	0
73.9	7.19146	0
74	7.19153	0
74.1	7.19158	0
74.2	7.19164	0
74.3	7.19169	0
74.4	7.19174	0
74.5	7.19178	0
74.6	7.19182	0
74.7	7.19185	0
74.8	7.19188	0
74.9	7.19191	0
75	7.19815	0
75.1	7.21622	0
75.2	7.24966	0
75.3	7.2998	0
75.4	7.36627	0
75.5	7.44757	0
75.6	7.54158	0
75.7	7.6459	0
75.8	7.75817	0
75.9	7.87621	0
76	7.9981	0
76.1	8.12227	0
76.2	8.24746	0
76.3	8.37274	0
76.4	8.49745	0
76.5	8.62118	0
76.6	8.74374	0
76.7	8.8651	0
76.8	8.98536	0
76.9	9.10472	0
77	9.22345	0
77.1	9.34186	0
77.2	9.46028	0
77.3	9.57902	0
77.4	9.69838	0
77.5	9.8186	0
77.6	9.93986	0
77.7	10.0623	0
77.8	10.1858	0
77.9	10.3104	0
78	10.4358	0
78.1	10.5616	0
78.2	10.6874	0
78.3	10.8126	0
78.4	10.9365	0
78.5	11.0582	0
78.6	11.1771	0
78.7	11.2922	0
78.8	11.4027	0
78.9	11.5079	0
79	11.6071	0
79.1	11.6996	0
79.2	11.7851	0
79.3	11.8633	0
79.4	11.934	0
79.5	11.9974	0
79.6	12.0537	0
79.7	12.1032	0
79.8	12.1463	0
79.9	12.1837	0
80	12.216	0
80.1	12.2441	0
80.2	12.2686	0
80.3	12.2904	0
80.4	12.3103	0
80.5	12.3292	0
80.6	12.3477	0
80.7	12.3666	0
80.8	12.3865	0
80.9	12.408	0
81	12.4315	0
81.1	12.4574	0
81.2	12.4859	0
81.3	12.5172	0
81.4	12.5513	0
81.5	12.5879	0
81.6	12.627	0
81.7	12.6681	0
81.8	12.711	0
81.9	12.7551	0
82	12.8	0
82.1	12.8451	0
82.2	12.89	0
82.3	12.9342	0
82.4	12.9773	0
82.5	13.0188	0
82.6	13.0586	0
82.7	13.0962	0
82.8	13.1317	0
82.9	13.1647	0
83	13.1953	0
83.1	13.2235	0
83.2	13.2492	0
83.3	13.2725	0
83.4	13.2936	0
83.5	13.3124	0
83.6	13.3292	0
83.7	13.3441	0
83.8	13.3571	0
83.9	13.3683	0
84	13.3778	0
84.1	13.3858	0
84.2	13.3922	0
84.3	13.3972	0
84.4	13.4007	0
84.5	13.4029	0
84.6	13.4037	0
84.7	13.4033	0
84.8	13.4016	0
84.9	13.3989	0
85	13.395	0
85.1	13.3902	0
85.2	13.3846	0
85.3	13.3783	0
85.4	13.3714	0
85.5	13.3641	0
85.6	13.3566	0
85.7	13.349	0
85.8	13.3416	0
85.9	13.3345	0
86	13.3278	0
86.1	13.3218	0
86.2	13.3165	0
86.3	13.3122	0
86.4	13.3088	0
86.5	13.3064	0
86.6	13.3051	0
86.7	13.3049	0
86.8	13.3057	0
86.9	13.3076	0
87	13.3104	0
87.1	13.3141	0
87.2	13.3185	0
87.3	13.3235	0
87.4	13.3291	0
87.5	13.3349	0
87.6	13.341	0
87.7	13.3471	0
87.8	13.3531	0
87.9	13.3589	0
88	13.3644	0
88.1	13.3694	0
88.2	13.374	0
88.3	13.378	0
88.4	13.3813	0
88.5	13.384	0
88.6	13.3861	0
88.7	13.3875	0
88.8	13.3883	0
88.9	13.3885	0
89	13.3882	0
89.1	13.3874	0
89.2	13.3863	0
89.3	13.3848	0
89.4	13.3832	0
89.5	13.3813	0
89.6	13.3794	0
89.7	13.3775	0
89.8	13.3757	0
89.9	13.374	0
90	13.3725	0
90.1	13.3711	0
90.2	13.3701	0
90.3	13.3693	0
90.4	13.3687	0
90.5	13.3685	0
90.6	13.3685	0
90.7	13.3687	0
90.8	13.3692	0
90.9	13.3699	0
91	13.3707	0
91.1	13.3717	0
91.2	13.3728	0
91.3	13.3739	0
91.4	13.375	0
91.5	13.3761	0
91.6	13.3771	0
91.7	13.3781	0
91.8	13.379	0
91.9	13.3797	0
92	13.3804	0
92.1	13.3809	0
92.2	13.3812	0
92.3	13.3814	0
92.4	13.3815	0
92.5	13.3815	0
92.6	13.3814	0
92.7	13.3811	0
92.8	13.3808	0
92.9	13.3805	0
93	13.3801	0
93.1	13.3797	0
93.2	13.3793	0
93.3	13.3789	0
93.4	13.3785	0
93.5	13.3782	0
93.6	13.3779	0
93.7	13.3777	0
93.8	13.3776	0
93.9	13.3775	0
94	13.3775	0
94.1	13.3776	0
94.2	13.3777	0
94.3	13.3779	0
94.4	13.3782	0
94.5	13.3785	0
94.6	13.3788	0
94.7	13.3791	0
94.8	13.3794	0
94.9	13.3798	0
95	13.3801	0
95.1	13.3804	0
95.2	13.3807	0
95.3	13.3809	0
95.4	13.3811	0
95.5	13.3813	0
95.6	13.3814	0
95.7	13.3815	0
95.8	13.3815	0
95.9	13.3815	0
96	13.3814	0
96.1	13.3813	0
96.2	13.3811	0
96.3	13.381	0
96.4	13.3808	0
96.5	13.3805	0
96.6	13.3803	0
96.7	13.3801	0
96.8	13.3798	0
96.9	13.3796	0
97	13.3794	0
97.1	13.3792	0
97.2	13.379	0
97.3	13.3789	0
97.4	13.3787	0
97.5	13.3786	0
97.6	13.3786	0
97.7	13.3785	0
97.8	13.3785	0
97.9	13.3785	0
98	13.3786	0
98.1	13.3786	0
98.2	13.3787	0
98.3	13.3788	0
98.4	13.3789	0
98.5	13.3791	0
98.6	13.3792	0
98.7	13.3793	0
98.8	13.3795	0
98.9	13.3796	0
99	13.3797	0
99.1	13.3799	0
99.2	13.38	0
99.3	13.3801	0
99.4	13.3802	0
99.5	13.3802	0
99.6	13.3803	0
99.7	13.3804	0
99.8	13.3804	0
99.9	13.3804	0
100	13.3804	0
100.1	13.3742	0
100.2	13.3562	0
100.3	13.3228	0
100.4	13.2729	0
100.5	13.2071	0
100.6	13.127	0
100.7	13.0354	0
100.8	12.9353	0
100.9	12.8299	0
101	12.7221	0
101.1	12.6151	0
101.2	12.5112	0
101.3	12.4128	0
101.4	12.3216	0
101.5	12.2391	0
101.6	12.1663	0
101.7	12.1039	0
101.8	12.0521	0
101.9	12.011	0
102	11.9803	0
102.1	11.9598	0
102.2	11.9487	0
102.3	11.9464	0
102.4	11.9521	0
102.5	11.9648	0
102.6	11.9836	0
102.7	12.0075	0
102.8	12.0357	0
102.9	12.0671	0
103	12.1009	0
103.1	12.1362	0
103.2	12.1722	0
103.3	12.2082	0
103.4	12.2437	0
103.5	12.278	0
103.6	12.3107	0
103.7	12.3414	0
103.8	12.3699	0
103.9	12.396	0
104	12.4195	0
104.1	12.4405	0
104.2	12.4588	0
104.3	12.4747	0
104.4	12.4882	0
104.5	12.4995	0
104.6	12.5088	0
104.7	12.5162	0
104.8	12.5221	0
104.9	12.5266	0
105	12.53	0
105.1	12.5325	0
105.2	12.5343	0
105.3	12.5357	0
105.4	12.5368	0
105.5	12.5378	0
105.6	12.5389	0
105.7	12.5402	0
105.8	12.5418	0
105.9	12.5438	0
106	12.5464	0
106.1	12.5496	0
106.2	12.5534	0
106.3	12.5578	0
106.4	12.5629	0
106.5	12.5688	0
106.6	12.5753	0
106.7	12.5825	0
106.8	12.5904	0
106.9	12.5989	0
107	12.6081	0
107.1	12.6179	0
107.2	12.6282	0
107.3	12.6391	0
107.4	12.6506	0
107.5	12.6626	0
107.6	12.6751	0
107.7	12.6881	0
107.8	12.7015	0
107.9	12.7154	0
108	12.7298	0
108.1	12.7446	0
108.2	12.7598	0
108.3	12.7755	0
108.4	12.7916	0
108.5	12.8081	0
108.6	12.825	0
108.7	12.8424	0
108.8	12.8601	0
108.9	12.8782	0
109	12.8967	0
109.1	12.9155	0
109.2	12.9347	0
109.3	12.9543	0
109.4	12.9741	0
109.5	12.9941	0
109.6	13.0145	0
109.7	13.035	0
109.8	13.0558	0
109.9	13.0767	0
110	13.0978	0
110.1	13.119	0
110.2	13.1403	0
110.3	13.1617	0
110.4	13.1831	0
110.5	13.2045	0
110.6	13.2259	0
110.7	13.2473	0
110.8	13.2685	0
110.9	13.2896	0
111	13.3105	0
111.1	13.3312	0
111.2	13.3517	0
111.3	13.3717	0
111.4	13.3914	0
111.5	13.4107	0
111.6	13.4294	0
111.7	13.4476	0
111.8	13.4651	0
111.9	13.4819	0
112	13.4979	0
112.1	13.513	0
112.2	13.5272	0
112.3	13.5404	0
112.4	13.5525	0
112.5	13.5636	0
112.6	13.5735	0
112.7	13.5821	0
112.8	13.5895	0
112.9	13.5957	0
113	13.6006	0
113.1	13.6042	0
113.2	13.6065	0
113.3	13.6075	0
113.4	13.6073	0
113.5	13.6059	0
113.6	13.6034	0
113.7	13.5998	0
113.8	13.5953	0
113.9	13.5898	0
114	13.5834	0
114.1	13.5764	0
114.2	13.5687	0
114.3	13.5605	0
114.4	13.552	0
114.5	13.5431	0
114.6	13.5341	0
114.7	13.5251	0
114.8	13.516	0
114.9	13.5072	0
115	13.4986	0
115.1	13.4903	0
115.2	13.4825	0
115.3	13.4751	0
115.4	13.4683	0
115.5	13.4622	0
115.6	13.4566	0
115.7	13.4517	0
115.8	13.4475	0
115.9	13.444	0
116	13.4412	0
116.1	13.439	0
116.2	13.4375	0
116.3	13.4366	0
116.4	13.4362	0
116.5	13.4364	0
116.6	13.4371	0
116.7	13.4382	0
116.8	13.4397	0
116.9	13.4416	0
117	13.4437	0
117.1	13.446	0
117.2	13.4485	0
117.3	13.4512	0
117.4	13.4539	0
117.5	13.4566	0
117.6	13.4593	0
117.7	13.4619	0
117.8	13.4645	0
117.9	13.467	0
118	13.4693	0
118.1	13.4715	0
118.2	13.4735	0
118.3	13.4753	0
118.4	13.477	0
118.5	13.4784	0
118.6	13.4796	0
118.7	13.4807	0
118.8	13.4816	0
118.9	13.4823	0
119	13.4828	0
119.1	13.4831	0
119.2	13.4834	0
119.3	13.4834	0
119.4	13.4834	0
119.5	13.4832	0
119.6	13.483	0
119.7	13.4827	0
119.8	13.4823	0
119.9	13.4818	0
120	13.4813	0
120.1	13.4808	0
120.2	13.4803	0
120.3	13.4797	0
120.4	13.4792	0
120.5	13.4786	0
120.6	13.4781	0
120.7	13.4776	0
120.8	13.4771	0
120.9	13.4766	0
121	13.4762	0
121.1	13.4758	0
121.2	13.4755	0
121.3	13.4752	0
121.4	13.4749	0
121.5	13.4746	0
121.6	13.4744	0
121.7	13.4742	0
121.8	13.4741	0
121.9	13.4739	0
122	13.4738	0
122.1	13.4738	0
122.2	13.4737	0
122.3	13.4737	0
122.4	13.4737	0
122.5	13.4737	0
122.6	13.4737	0
122.7	13.4738	0
122.8	13.4738	0
122.9	13.4739	0
123	13.4739	0
123.1	13.474	0
123.2	13.474	0
123.3	13.4741	0
123.4	13.4742	0
123.5	13.4743	0
123.6	13.4743	0
123.7	13.4744	0
123.8	13.4745	0
123.9	13.4745	0
124	13.4746	0
124.1	13.4747	0
124.2	13.4747	0
124.3	13.4748	0
124.4	13.4748	0
124.5	13.4749	0
124.6	13.4749	0
124.7	13.475	0
124.8	13.475	0
124.9	13.475	0
125	13.475	0
125.1	13.4813	0
125.2	13.4994	0
125.3	13.5328	0
125.4	13.5829	0
125.5	13.6494	0
125.6	13.7307	0
125.7	13.8247	0
125.8	13.929	0
125.9	14.0413	0
126	14.1593	0
126.1	14.2812	0
126.2	14.4054	0
126.3	14.5306	0
126.4	14.6558	0
126.5	14.7805	0
126.6	14.9043	0
126.7	15.0268	0
126.8	15.1482	0
126.9	15.2684	0
127	15.3878	0
127.1	15.5065	0
127.2	15.6249	0
127.3	15.7433	0
127.4	15.862	0
127.5	15.9814	0
127.6	16.1016	0
127.7	16.2228	0
127.8	16.3452	0
127.9	16.4688	0
128	16.5933	0
128.1	16.7187	0
128.2	16.8445	0
128.3	16.9703	0
128.4	17.0955	0
128.5	17.2193	0
128.6	17.3411	0
128.7	17.46	0
128.8	17.5751	0
128.9	17.6856	0
129	17.7908	0
129.1	17.8899	0
129.2	17.9824	0
129.3	18.0679	0
129.4	18.1461	0
129.5	18.2169	0
129.6	18.2803	0
129.7	18.3366	0
129.8	18.386	0
129.9	18.4292	0
130	18.4666	0
130.1	18.4989	0
130.2	18.5269	0
130.3	18.5515	0
130.4	18.5733	0
130.5	18.5932	0
130.6	18.612	0
130.7	18.6305	0
130.8	18.6494	0
130.9	18.6692	0
131	18.6907	0
131.1	18.7142	0
131.2	18.7401	0
131.3	18.7686	0
131.4	18.7998	0
131.5	18.8338	0
131.6	18.8704	0
131.7	18.9095	0
131.8	18.9506	0
131.9	18.9934	0
132	19.0375	0
132.1	19.0824	0
132.2	19.1275	0
132.3	19.1724	0
132.4	19.2166	0
132.5	19.2596	0
132.6	19.3012	0
132.7	19.341	0
132.8	19.3786	0
132.9	19.4141	0
133	19.4471	0
133.1	19.4777	0
133.2	19.5059	0
133.3	19.5316	0
133.4	19.555	0
133.5	19.5761	0
133.6	19.595	0
133.7	19.6118	0
133.8	19.6266	0
133.9	19.6397	0
134	19.6509	0
134.1	19.6605	0
134.2	19.6685	0
134.3	19.6749	0
134.4	19.6799	0
134.5	19.6835	0
134.6	19.6857	0
134.7	19.6865	0
134.8	19.6861	0
134.9	19.6845	0
135	19.6817	0
135.1	19.6779	0
135.2	19.6732	0
135.3	19.6675	0
135.4	19.6612	0
135.5	19.6543	0
135.6	19.647	0
135.7	19.6395	0
135.8	19.632	0
135.9	19.6245	0
136	19.6174	0
136.1	19.6107	0
136.2	19.6046	0
136.3	19.5993	0
136.4	19.5949	0
136.5	19.5915	0
136.6	19.5891	0
136.7	19.5877	0
136.8	19.5875	0
136.9	19.5883	0
137	19.5902	0
137.1	19.593	0
137.2	19.5966	0
137.3	19.6011	0
137.4	19.6061	0
137.5	19.6116	0
137.6	19.6175	0
137.7	19.6236	0
137.8	19.6297	0
137.9	19.6357	0
138	19.6416	0
138.1	19.6471	0
138.2	19.6522	0
138.3	19.6567	0
138.4	19.6607	0
138.5	19.6641	0
138.6	19.6668	0
138.7	19.6689	0
138.8	19.6703	0
138.9	19.6711	0
139	19.6714	0
139.1	19.6711	0
139.2	19.6703	0
139.3	19.6691	0
139.4	19.6677	0
139.5	19.666	0
139.6	19.6641	0
139.7	19.6622	0
139.8	19.6602	0
139.9	19.6584	0
140	19.6567	0
140.1	19.6551	0
140.2	19.6538	0
140.3	19.6527	0
140.4	19.6519	0
140.5	19.6513	0
140.6	19.6511	0
140.7	19.6511	0
140.8	19.6514	0
140.9	19.6519	0
141	19.6525	0
141.1	19.6534	0
141.2	19.6544	0
141.3	19.6555	0
141.4	19.6566	0
141.5	19.6578	0
141.6	19.6589	0
141.7	19.66	0
141.8	19.661	0
141.9	19.6619	0
142	19.6627	0
142.1	19.6633	0
142.2	19.6638	0
142.3	19.6642	0
142.4	19.6644	0
142.5	19.6645	0
142.6	19.6645	0
142.7	19.6643	0
142.8	19.6641	0
142.9	19.6638	0
143	19.6634	0
143.1	19.663	0
143.2	19.6625	0
143.3	19.6621	0
143.4	19.6617	0
143.5	19.6613	0
143.6	19.661	0
143.7	19.6607	0
143.8	19.6605	0
143.9	19.6603	0
144	19.6603	0
144.1	19.6603	0
144.2	19.6604	0
144.3	19.6605	0
144.4	19.6607	0
144.5	19.661	0
144.6	19.6613	0
144.7	19.6617	0
144.8	19.6621	0
144.9	19.6624	0
145	19.6628	0
145.1	19.6632	0
145.2	19.6636	0
145.3	19.6639	0
145.4	19.6642	0
145.5	19.6644	0
145.6	19.6646	0
145.7	19.6648	0
145.8	19.6649	0
145.9	19.6649	0
146	19.6649	0
146.1	19.6648	0
146.2	19.6647	0
146.3	19.6646	0
146.4	19.6644	0
146.5	19.6642	0
146.6	19.6639	0
146.7	19.6637	0
146.8	19.6634	0
146.9	19.6632	0
147	19.6629	0
147.1	19.6626	0
147.2	19.6624	0
147.3	19.6622	0
147.4	19.662	0
147.5	19.6618	0
147.6	19.6617	0
147.7	19.6616	0
147.8	19.6615	0
147.9	19.6615	0
148	19.6615	0
148.1	19.6615	0
148.2	19.6615	0
148.3	19.6616	0
148.4	19.6617	0
148.5	19.6618	0
148.6	19.6619	0
148.7	19.6621	0
148.8	19.6622	0
148.9	19.6624	0
149	19.6625	0
149.1	19.6627	0
149.2	19.6628	0
149.3	19.663	0
149.4	19.6631	0
149.5	19.6632	0
149.6	19.6633	0
149.7	19.6634	0
149.8	19.6634	0
149.9	19.6635	0
150	19.6635	0
150.1	19.6573	0
150.2	19.6393	0
150.3	19.606	0
150.4	19.5561	0
150.5	19.4903	0
150.6	19.4102	0
150.7	19.3186	0
150.8	19.2185	0
150.9	19.1131	0
151	19.0053	0
151.1	18.8983	0
151.2	18.7944	0
151.3	18.696	0
151.4	18.6048	0
151.5	18.5223	0
151.6	18.4495	0
151.7	18.387	0
151.8	18.3352	0
151.9	18.2941	0
152	18.2634	0
152.1	18.2429	0
152.2	18.2318	0
152.3	18.2295	0
152.4	18.2351	0
152.5	18.2478	0
152.6	18.2666	0
152.7	18.2906	0
152.8	18.3187	0
152.9	18.3501	0
153	18.3839	0
153.1	18.4192	0
153.2	18.4552	0
153.3	18.4913	0
153.4	18.5267	0
153.5	18.561	0
153.6	18.5937	0
153.7	18.6245	0
153.8	18.653	0
153.9	18.6791	0
154	18.7026	0
154.1	18.7236	0
154.2	18.7419	0
154.3	18.7578	0
154.4	18.7713	0
154.5	18.7826	0
154.6	18.7919	0
154.7	18.7994	0
154.8	18.8052	0
154.9	18.8097	0
155	18.8131	0
155.1	18.8156	0
155.2	18.8174	0
155.3	18.8188	0
155.4	18.8199	0
155.5	18.8209	0
155.6	18.822	0
155.7	18.8233	0
155.8	18.8249	0
155.9	18.8269	0
156	18.8295	0
156.1	18.8327	0
156.2	18.8364	0
156.3	18.8409	0
156.4	18.846	0
156.5	18.8518	0
156.6	18.8584	0
156.7	18.8656	0
156.8	18.8734	0
156.9	18.882	0
157	18.8911	0
157.1	18.9009	0
157.2	18.9113	0
157.3	18.9222	0
157.4	18.9337	0
157.5	18.9457	0
157.6	18.9581	0
157.7	18.9711	0
157.8	18.9846	0
157.9	18.9985	0
158	19.0128	0
158.1	19.0276	0
158.2	19.0428	0
158.3	19.0585	0
158.4	19.0746	0
158.5	19.0911	0
158.6	19.108	0
158.7	19.1254	0
158.8	19.1431	0
158.9	19.1612	0
159	19.1797	0
159.1	19.1986	0
159.2	19.2178	0
159.3	19.2373	0
159.4	19.2571	0
159.5	19.2772	0
159.6	19.2975	0
159.7	19.318	0
159.8	19.3388	0
159.9	19.3597	0
160	19.3808	0
160.1	19.402	0
160.2	19.4233	0
160.3	19.4447	0
160.4	19.4661	0
160.5	19.4875	0
160.6	19.5089	0
160.7	19.5303	0
160.8	19.5515	0
160.9	19.5726	0
161	19.5935	0
161.1	19.6142	0
161.2	19.6346	0
161.3	19.6547	0
161.4	19.6744	0
161.5	19.6937	0
161.6	19.7124	0
161.7	19.7306	0
161.8	19.7481	0
161.9	19.7649	0
162	19.7809	0
162.1	19.796	0
162.2	19.8102	0
162.3	19.8234	0
162.4	19.8356	0
162.5	19.8466	0
162.6	19.8565	0
162.7	19.8652	0
162.8	19.8726	0
162.9	19.8787	0
163	19.8836	0
163.1	19.8872	0
163.2	19.8895	0
163.3	19.8906	0
163.4	19.8904	0
163.5	19.889	0
163.6	19.8865	0
163.7	19.8829	0
163.8	19.8783	0
163.9	19.8728	0
164	19.8665	0
164.1	19.8595	0
164.2	19.8518	0
164.3	19.8436	0
164.4	19.8351	0
164.5	19.8262	0
164.6	19.8172	0
164.7	19.8082	0
164.8	19.7991	0
164.9	19.7903	0
165	19.7817	0
165.1	19.7734	0
165.2	19.7656	0
165.3	19.7582	0
165.4	19.7514	0
165.5	19.7452	0
165.6	19.7397	0
165.7	19.7348	0
165.8	19.7306	0
165.9	19.7271	0
166	19.7242	0
166.1	19.7221	0
166.2	19.7205	0
166.3	19.7196	0
166.4	19.7193	0
166.5	19.7195	0
166.6	19.7202	0
166.7	19.7213	0
166.8	19.7228	0
166.9	19.7247	0
167	19.7268	0
167.1	19.7291	0
167.2	19.7316	0
167.3	19.7342	0
167.4	19.7369	0
167.5	19.7397	0
167.6	19.7424	0
167.7	19.745	0
167.8	19.7476	0
167.9	19.7501	0
168	19.7524	0
168.1	19.7546	0
168.2	19.7566	0
168.3	19.7584	0
168.4	19.76	0
168.5	19.7615	0
168.6	19.7627	0
168.7	19.7638	0
168.8	19.7647	0
168.9	19.7653	0
169	19.7659	0
169.1	19.7662	0
169.2	19.7664	0
169.3	19.7665	0
169.4	19.7665	0
169.5	19.7663	0
169.6	19.7661	0
169.7	19.7657	0
169.8	19.7654	0
169.9	19.7649	0
170	19.7644	0
170.1	19.7639	0
170.2	19.7634	0
170.3	19.7628	0
170.4	19.7623	0
170.5	19.7617	0
170.6	19.7612	0
170.7	19.7607	0
170.8	19.7602	0
170.9	19.7597	0
171	19.7593	0
171.1	19.7589	0
171.2	19.7586	0
171.3	19.7582	0
171.4	19.758	0
171.5	19.7577	0
171.6	19.7575	0
171.7	19.7573	0
171.8	19.7572	0
171.9	19.757	0
172	19.7569	0
172.1	19.7569	0
172.2	19.7568	0
172.3	19.7568	0
172.4	19.7568	0
172.5	19.7568	0
172.6	19.7568	0
172.7	19.7568	0
172.8	19.7569	0
172.9	19.7569	0
173	19.757	0
173.1	19.7571	0
173.2	19.7571	0
173.3	19.7572	0
173.4	19.7573	0
173.5	19.7574	0
173.6	19.7574	0
173.7	19.7575	0
173.8	19.7576	0
173.9	19.7576	0
174	19.7577	0
174.1	19.7578	0
174.2	19.7578	0
174.3	19.7579	0
174.4	19.7579	0
174.5	19.758	0
174.6	19.758	0
174.7	19.7581	0
174.8	19.7581	0
174.9	19.7581	0
175	19.7581	0
175.1	19.7644	0
175.2	19.7825	0
175.3	19.8159	0
175.4	19.866	0
175.5	19.9325	0
175.6	20.0138	0
175.7	20.1078	0
175.8	20.2121	0
175.9	20.3244	0
176	20.4424	0
176.1	20.5643	0
176.2	20.6885	0
176.3	20.8137	0
176.4	20.9389	0
176.5	21.0636	0
176.6	21.1874	0
176.7	21.3099	0
176.8	21.4313	0
176.9	21.5515	0
177	21.6708	0
177.1	21.7896	0
177.2	21.9079	0
177.3	22.0263	0
177.4	22.1451	0
177.5	22.2644	0
177.6	22.3846	0
177.7	22.5058	0
177.8	22.6282	0
177.9	22.7517	0
178	22.8763	0
178.1	23.0016	0
178.2	23.1274	0
178.3	23.2532	0
178.4	23.3783	0
178.5	23.5022	0
178.6	23.624	0
178.7	23.7428	0
178.8	23.8579	0
178.9	23.9684	0
179	24.0736	0
179.1	24.1728	0
179.2	24.2653	0
179.3	24.3508	0
179.4	24.429	0
179.5	24.4998	0
179.6	24.5632	0
179.7	24.6195	0
179.8	24.6689	0
179.9	24.7121	0
180	24.7495	0
180.1	24.7818	0
180.2	24.8099	0
180.3	24.8344	0
180.4	24.8562	0
180.5	24.8761	0
180.6	24.8949	0
180.7	24.9134	0
180.8	24.9322	0
180.9	24.9521	0
181	24.9735	0
181.1	24.997	0
181.2	25.0228	0
181.3	25.0513	0
181.4	25.0825	0
181.5	25.1165	0
181.6	25.1531	0
181.7	25.1921	0
181.8	25.2332	0
181.9	25.276	0
182	25.3201	0
182.1	25.3649	0
182.2	25.41	0
182.3	25.4549	0
182.4	25.4991	0
182.5	25.5422	0
182.6	25.5838	0
182.7	25.6235	0
182.8	25.6612	0
182.9	25.6967	0
183	25.7298	0
183.1	25.7604	0
183.2	25.7886	0
183.3	25.8143	0
183.4	25.8377	0
183.5	25.8588	0
183.6	25.8777	0
183.7	25.8945	0
183.8	25.9094	0
183.9	25.9224	0
184	25.9337	0
184.1	25.9433	0
184.2	25.9513	0
184.3	25.9578	0
184.4	25.9628	0
184.5	25.9664	0
184.6	25.9686	0
184.7	25.9695	0
184.8	25.9691	0
184.9	25.9675	0
185	25.9648	0
185.1	25.961	0
185.2	25.9562	0
185.3	25.9506	0
185.4	25.9443	0
185.5	25.9374	0
185.6	25.9301	0
185.7	25.9226	0
185.8	25.915	0
185.9	25.9076	0
186	25.9004	0
186.1	25.8937	0
186.2	25.8876	0
186.3	25.8823	0
186.4	25.8779	0
186.5	25.8744	0
186.6	25.872	0
186.7	25.8706	0
186.8	25.8704	0
186.9	25.8712	0
187	25.873	0
187.1	25.8758	0
187.2	25.8794	0
187.3	25.8839	0
187.4	25.8889	0
187.5	25.8944	0
187.6	25.9003	0
187.7	25.9064	0
187.8	25.9125	0
187.9	25.9186	0
188	25.9244	0
188.1	25.93	0
188.2	25.9351	0
188.3	25.9397	0
188.4	25.9437	0
188.5	25.9471	0
188.6	25.9498	0
188.7	25.9519	0
188.8	25.9533	0
188.9	25.9541	0
189	25.9543	0
189.1	25.954	0
189.2	25.9532	0
189.3	25.9521	0
189.4	25.9506	0
189.5	25.9489	0
189.6	25.947	0
189.7	25.9451	0
189.8	25.9431	0
189.9	25.9412	0
190	25.9395	0
190.1	25.9379	0
190.2	25.9366	0
190.3	25.9355	0
190.4	25.9347	0
190.5	25.9341	0
190.6	25.9339	0
190.7	25.9339	0
190.8	25.9342	0
190.9	25.9347	0
191	25.9354	0
191.1	25.9362	0
191.2	25.9373	0
191.3	25.9384	0
191.4	25.9395	0
191.5	25.9407	0
191.6	25.9418	0
191.7	25.9429	0
191.8	25.944	0
191.9	25.9449	0
192	25.9457	0
192.1	25.9463	0
192.2	25.9469	0
192.3	25.9472	0
192.4	25.9474	0
192.5	25.9475	0
192.6	25.9475	0
192.7	25.9473	0
192.8	25.9471	0
192.9	25.9467	0
193	25.9463	0
193.1	25.9459	0
193.2	25.9454	0
193.3	25.945	0
193.4	25.9445	0
193.5	25.9441	0
193.6	25.9438	0
193.7	25.9435	0
193.8	25.9433	0
193.9	25.9431	0
194	25.9431	0
194.1	25.9431	0
194.2	25.9432	0
194.3	25.9434	0
194.4	25.9436	0
194.5	25.9439	0
194.6	25.9442	0
194.7	25.9446	0
194.8	25.945	0
194.9	25.9455	0
195	25.9459	0
195.1	25.9463	0
195.2	25.9467	0
195.3	25.9471	0
195.4	25.9474	0
195.5	25.9477	0
195.6	25.9479	0
195.7	25.9481	0
195.8	25.9482	0
195.9	25.9483	0
196	25.9483	0
196.1	25.9482	0
196.2	25.9481	0
196.3	25.948	0
196.4	25.9478	0
196.5	25.9476	0
196.6	25.9473	0
196.7	25.9471	0
196.8	25.9468	0
196.9	25.9465	0
197	25.9462	0
197.1	25.9459	0
197.2	25.9457	0
197.3	25.9454	0
197.4	25.9452	0
197.5	25.945	0
197.6	25.9448	0
197.7	25.9447	0
197.8	25.9446	0
197.9	25.9445	0
198	25.9445	0
198.1	25.9445	0
198.2	25.9445	0
198.3	25.9446	0
198.4	25.9447	0
198.5	25.9448	0
198.6	25.9449	0
198.7	25.9451	0
198.8	25.9452	0
198.9	25.9454	0
199	25.9455	0
199.1	25.9457	0
199.2	25.9458	0
199.3	25.946	0
199.4	25.9461	0
199.5	25.9463	0
199.6	25.9464	0
199.7	25.9465	0
199.8	25.9465	0
199.9	25.9466	0
200	25.9467	0
200.1	25.9405	0
200.2	25.9225	0
200.3	25.8892	0
200.4	25.8393	0
200.5	25.7734	0
200.6	25.6934	0
200.7	25.6018	0
200.8	25.5017	0
200.9	25.3963	0
201	25.2885	0
201.1	25.1815	0
201.2	25.0776	0
201.3	24.9792	0
201.4	24.888	0
201.5	24.8055	0
201.6	24.7327	0
201.7	24.6702	0
201.8	24.6183	0
201.9	24.5772	0
