#V(JJ2)
0	0.136979	0
0.1	0.258837	0
0.2	0.363616	0
0.3	0.450688	0
0.4	0.520239	0
0.5	0.57297	0
0.6	0.609927	0
0.7	0.632389	0
0.8	0.641798	0
0.9	0.639692	0
1	0.627653	0
1.1	0.607259	0
1.2	0.58004	0
1.3	0.547443	0
1.4	0.510808	0
1.5	0.471345	0
1.6	0.430128	0
1.7	0.38809	0
1.8	0.346023	0
1.9	0.30459	0
2	0.264327	0
2.1	0.225661	0
2.2	0.188919	0
2.3	0.154341	0
2.4	0.122093	0
2.5	0.0922746	0
2.6	0.0649356	0
2.7	0.0400806	0
2.8	0.017679	0
2.9	-0.00232802	0
3	-0.0200209	0
3.1	-0.0354968	0
3.2	-0.0488651	0
3.3	-0.0602434	0
3.4	-0.0697546	0
3.5	-0.0775246	0
3.6	-0.0836798	0
3.7	-0.0883462	0
3.8	-0.0916473	0
3.9	-0.093704	0
4	-0.0946333	0
4.1	-0.0945482	0
4.2	-0.0935569	0
4.3	-0.091763	0
4.4	-0.0892652	0
4.5	-0.0861573	0
4.6	-0.0825281	0
4.7	-0.0784615	0
4.8	-0.0740366	0
4.9	-0.0693275	0
5	-0.0644037	0
5.1	-0.0593301	0
5.2	-0.0541668	0
5.3	-0.0489692	0
5.4	-0.0437884	0
5.5	-0.0386709	0
5.6	-0.0336587	0
5.7	-0.0287894	0
5.8	-0.0240962	0
5.9	-0.0196081	0
6	-0.0153499	0
6.1	-0.0113421	0
6.2	-0.00760145	0
6.3	-0.00414065	0
6.4	-0.000968829	0
6.5	0.00190843	0
6.6	0.00448885	0
6.7	0.00677325	0
6.8	0.0087653	0
6.9	0.0104713	0
7	0.0118998	0
7.1	0.0130615	0
7.2	0.013969	0
7.3	0.0146362	0
7.4	0.0150786	0
7.5	0.0153124	0
7.6	0.0153547	0
7.7	0.0152231	0
7.8	0.0149355	0
7.9	0.0145099	0
8	0.0139639	0
8.1	0.0133152	0
8.2	0.0125808	0
8.3	0.011777	0
8.4	0.0109194	0
8.5	0.010023	0
8.6	0.00910148	0
8.7	0.00816779	0
8.8	0.00723368	0
8.9	0.00630985	0
9	0.00540586	0
9.1	0.00453015	0
9.2	0.00369005	0
9.3	0.00289176	0
9.4	0.00214044	0
9.5	0.0014402	0
9.6	0.000794155	0
9.7	0.000204496	0
9.8	-0.00032746	0
9.9	-0.000801203	0
10	-0.00121696	0
10.1	-0.00157564	0
10.2	-0.00187873	0
10.3	-0.00212824	0
10.4	-0.00232665	0
10.5	-0.00247678	0
10.6	-0.00258179	0
10.7	-0.00264506	0
10.8	-0.00267013	0
10.9	-0.00266069	0
11	-0.00262046	0
11.1	-0.00255316	0
11.2	-0.00246247	0
11.3	-0.00235199	0
11.4	-0.00222518	0
11.5	-0.00208536	0
11.6	-0.00193566	0
11.7	-0.001779	0
11.8	-0.00161808	0
11.9	-0.00145536	0
12	-0.00129306	0
12.1	-0.00113316	0
12.2	-0.000977378	0
12.3	-0.000827194	0
12.4	-0.000683856	0
12.5	-0.000548379	0
12.6	-0.000421562	0
12.7	-0.000304	0
12.8	-0.0001961	0
12.9	-9.80973e-005	0
13	-1.00677e-005	0
13.1	6.80501e-005	0
13.2	0.00013644	0
13.3	0.000195392	0
13.4	0.000245284	0
13.5	0.000286567	0
13.6	0.000319751	0
13.7	0.000345389	0
13.8	0.000364065	0
13.9	0.000376382	0
14	0.000382951	0
14.1	0.000384382	0
14.2	0.000381274	0
14.3	0.000374212	0
14.4	0.000363759	0
14.5	0.000350442	0
14.6	0.000334766	0
14.7	0.0003172	0
14.8	0.000298176	0
14.9	0.000278089	0
15	0.000257298	0
15.1	0.000236124	0
15.2	0.00021485	0
15.3	0.000193726	0
15.4	0.000172966	0
15.5	0.000152755	0
15.6	0.000133245	0
15.7	0.000114561	0
15.8	9.68028e-005	0
15.9	8.00478e-005	0
16	6.43509e-005	0
16.1	4.97489e-005	0
16.2	3.6262e-005	0
16.3	2.38957e-005	0
16.4	1.26431e-005	0
16.5	2.4864e-006	0
16.6	-6.60097e-006	0
16.7	-1.4654e-005	0
16.8	-2.17125e-005	0
16.9	-2.78212e-005	0
17	-3.30288e-005	0
17.1	-3.73864e-005	0
17.2	-4.09472e-005	0
17.3	-4.37653e-005	0
17.4	-4.58951e-005	0
17.5	-4.73909e-005	0
17.6	-4.83061e-005	0
17.7	-4.86931e-005	0
17.8	-4.8603e-005	0
17.9	-4.8085e-005	0
18	-4.71867e-005	0
18.1	-4.59535e-005	0
18.2	-4.44289e-005	0
18.3	-4.26541e-005	0
18.4	-4.0668e-005	0
18.5	-3.85074e-005	0
18.6	-3.62068e-005	0
18.7	-3.37982e-005	0
18.8	-3.13118e-005	0
18.9	-2.87752e-005	0
19	-2.62142e-005	0
19.1	-2.36521e-005	0
19.2	-2.11106e-005	0
19.3	-1.8609e-005	0
19.4	-1.61648e-005	0
19.5	-1.37937e-005	0
19.6	-1.15094e-005	0
19.7	-9.32394e-006	0
19.8	-7.24765e-006	0
19.9	-5.28917e-006	0
20	-3.45559e-006	0
20.1	-1.75247e-006	0
20.2	-1.83933e-007	0
20.3	1.24727e-006	0
20.4	2.53972e-006	0
20.5	3.69318e-006	0
20.6	4.70862e-006	0
20.7	5.58806e-006	0
20.8	6.33451e-006	0
20.9	6.9519e-006	0
21	7.445e-006	0
21.1	7.81929e-006	0
21.2	8.08093e-006	0
21.3	8.23664e-006	0
21.4	8.29357e-006	0
21.5	8.2593e-006	0
21.6	8.14164e-006	0
21.7	7.94865e-006	0
21.8	7.68848e-006	0
21.9	7.36936e-006	0
22	6.99949e-006	0
22.1	6.58692e-006	0
22.2	6.13948e-006	0
22.3	5.66471e-006	0
22.4	5.16987e-006	0
22.5	4.66183e-006	0
22.6	4.14707e-006	0
22.7	3.63163e-006	0
22.8	3.12105e-006	0
22.9	2.62038e-006	0
23	2.13415e-006	0
23.1	1.66636e-006	0
23.2	1.22045e-006	0
23.3	7.99365e-007	0
23.4	4.05503e-007	0
23.5	4.07634e-008	0
23.6	-2.9344e-007	0
23.7	-5.96158e-007	0
23.8	-8.66876e-007	0
23.9	-1.10548e-006	0
24	-1.31223e-006	0
24.1	-1.48772e-006	0
24.2	-1.63285e-006	0
24.3	-1.7488e-006	0
24.4	-1.83693e-006	0
24.5	-1.89883e-006	0
24.6	-1.93621e-006	0
24.7	-1.95091e-006	0
24.8	-1.94484e-006	0
24.9	-1.91999e-006	0
25	0.0621011	0
25.1	0.180547	0
25.2	0.33418	0
25.3	0.501218	0
25.4	0.664593	0
25.5	0.812958	0
25.6	0.939987	0
25.7	1.04317	0
25.8	1.12267	0
25.9	1.18031	0
26	1.21889	0
26.1	1.24165	0
26.2	1.25189	0
26.3	1.25274	0
26.4	1.24706	0
26.5	1.23732	0
26.6	1.22559	0
26.7	1.21356	0
26.8	1.20255	0
26.9	1.19356	0
27	1.18725	0
27.1	1.18404	0
27.2	1.1841	0
27.3	1.18734	0
27.4	1.19351	0
27.5	1.20213	0
27.6	1.21256	0
27.7	1.22397	0
27.8	1.23538	0
27.9	1.24571	0
28	1.25375	0
28.1	1.25827	0
28.2	1.25801	0
28.3	1.25183	0
28.4	1.23871	0
28.5	1.21785	0
28.6	1.18874	0
28.7	1.15119	0
28.8	1.10538	0
28.9	1.05185	0
29	0.991482	0
29.1	0.925436	0
29.2	0.855109	0
29.3	0.782052	0
29.4	0.707888	0
29.5	0.634243	0
29.6	0.562681	0
29.7	0.494645	0
29.8	0.431418	0
29.9	0.374091	0
30	0.32355	0
30.1	0.280458	0
30.2	0.245262	0
30.3	0.218193	0
30.4	0.199276	0
30.5	0.188339	0
30.6	0.185023	0
30.7	0.188798	0
30.8	0.198975	0
30.9	0.214718	0
31	0.235063	0
31.1	0.258942	0
31.2	0.285206	0
31.3	0.312665	0
31.4	0.340124	0
31.5	0.366428	0
31.6	0.390509	0
31.7	0.411431	0
31.8	0.428426	0
31.9	0.440921	0
32	0.448557	0
32.1	0.451194	0
32.2	0.448894	0
32.3	0.441909	0
32.4	0.430642	0
32.5	0.415617	0
32.6	0.397438	0
32.7	0.37675	0
32.8	0.354206	0
32.9	0.330432	0
33	0.306005	0
33.1	0.281432	0
33.2	0.257136	0
33.3	0.233452	0
33.4	0.210622	0
33.5	0.188804	0
33.6	0.168075	0
33.7	0.148448	0
33.8	0.129881	0
33.9	0.112294	0
34	0.0955843	0
34.1	0.0796418	0
34.2	0.06436	0
34.3	0.0496495	0
34.4	0.0354463	0
34.5	0.0217189	0
34.6	0.00847247	0
34.7	-0.00425061	0
34.8	-0.0163717	0
34.9	-0.0277801	0
35	-0.0383392	0
35.1	-0.0478948	0
35.2	-0.0562837	0
35.3	-0.0633444	0
35.4	-0.0689271	0
35.5	-0.0729035	0
35.6	-0.0751753	0
35.7	-0.0756825	0
35.8	-0.074408	0
35.9	-0.0713821	0
36	-0.066683	0
36.1	-0.0604365	0
36.2	-0.0528121	0
36.3	-0.0440189	0
36.4	-0.0342977	0
36.5	-0.0239136	0
36.6	-0.013147	0
36.7	-0.00228392	0
36.8	0.00839334	0
36.9	0.0186151	0
37	0.0281324	0
37.1	0.0367247	0
37.2	0.0442051	0
37.3	0.0504254	0
37.4	0.0552787	0
37.5	0.0587009	0
37.6	0.060671	0
37.7	0.0612091	0
37.8	0.0603743	0
37.9	0.0582607	0
38	0.054993	0
38.1	0.0507213	0
38.2	0.045615	0
38.3	0.0398575	0
38.4	0.0336397	0
38.5	0.0271541	0
38.6	0.0205895	0
38.7	0.0141253	0
38.8	0.00792735	0
38.9	0.00214333	0
39	-0.00309997	0
39.1	-0.00769941	0
39.2	-0.011577	0
39.3	-0.0146807	0
39.4	-0.0169845	0
39.5	-0.0184873	0
39.6	-0.0192116	0
39.7	-0.0192012	0
39.8	-0.0185184	0
39.9	-0.0172411	0
40	-0.0154593	0
40.1	-0.0132714	0
40.2	-0.0107804	0
40.3	-0.00809115	0
40.4	-0.00530613	0
40.5	-0.00252298	0
40.6	0.000168376	0
40.7	0.00268791	0
40.8	0.00496725	0
40.9	0.00695093	0
41	0.0085972	0
41.1	0.00987823	0
41.2	0.01078	0
41.3	0.0113017	0
41.4	0.0114546	0
41.5	0.011261	0
41.6	0.0107527	0
41.7	0.00996896	0
41.8	0.00895515	0
41.9	0.00776057	0
42	0.00643697	0
42.1	0.0050358	0
42.2	0.00360764	0
42.3	0.00220026	0
42.4	0.000857269	0
42.5	-0.000382699	0
42.6	-0.00148719	0
42.7	-0.00243037	0
42.8	-0.0031934	0
42.9	-0.0037645	0
43	-0.00413888	0
43.1	-0.00431835	0
43.2	-0.00431083	0
43.3	-0.00412967	0
43.4	-0.00379311	0
43.5	-0.00332261	0
43.6	-0.00274273	0
43.7	-0.0020799	0
43.8	-0.00136145	0
43.9	-0.000614747	0
44	0.000133736	0
44.1	0.000859113	0
44.2	0.00153878	0
44.3	0.00215294	0
44.4	0.00268506	0
44.5	0.0031221	0
44.6	0.00345475	0
44.7	0.00367742	0
44.8	0.00378819	0
44.9	0.00378862	0
45	0.0036835	0
45.1	0.00348048	0
45.2	0.00318969	0
45.3	0.00282325	0
45.4	0.00239483	0
45.5	0.00191913	0
45.6	0.00141141	0
45.7	0.000886997	0
45.8	0.000360865	0
45.9	-0.000152788	0
46	-0.00064088	0
46.1	-0.00109175	0
46.2	-0.0014954	0
46.3	-0.00184365	0
46.4	-0.00213028	0
46.5	-0.00235107	0
46.6	-0.00250376	0
46.7	-0.00258805	0
46.8	-0.00260542	0
46.9	-0.00255904	0
47	-0.0024535	0
47.1	-0.00229469	0
47.2	-0.00208948	0
47.3	-0.00184552	0
47.4	-0.00157097	0
47.5	-0.00127424	0
47.6	-0.000963789	0
47.7	-0.000647879	0
47.8	-0.00033437	0
47.9	-3.0557e-005	0
48	0.000256981	0
48.1	0.0005225	0
48.2	0.000761181	0
48.3	0.000969179	0
48.4	0.00114366	0
48.5	0.0012828	0
48.6	0.00138573	0
48.7	0.00145254	0
48.8	0.00148417	0
48.9	0.00148231	0
49	0.00144936	0
49.1	0.00138824	0
49.2	0.00130236	0
49.3	0.00119543	0
49.4	0.00107139	0
49.5	0.000934272	0
49.6	0.000788124	0
49.7	0.000636877	0
49.8	0.000484279	0
49.9	0.000333816	0
50	-0.0618591	0
50.1	-0.180209	0
50.2	-0.333289	0
50.3	-0.498768	0
50.4	-0.658657	0
50.5	-0.800313	0
50.6	-0.915837	0
50.7	-1.00107	0
50.8	-1.05463	0
50.9	-1.07718	0
51	-1.07082	0
51.1	-1.03861	0
51.2	-0.984243	0
51.3	-0.911711	0
51.4	-0.825062	0
51.5	-0.728213	0
51.6	-0.624814	0
51.7	-0.51816	0
51.8	-0.411143	0
51.9	-0.306243	0
52	-0.205531	0
52.1	-0.110693	0
52.2	-0.0230597	0
52.3	0.0563629	0
52.4	0.126863	0
52.5	0.187995	0
52.6	0.239551	0
52.7	0.281539	0
52.8	0.314162	0
52.9	0.33779	0
53	0.352943	0
53.1	0.360263	0
53.2	0.360493	0
53.3	0.35445	0
53.4	0.342997	0
53.5	0.327026	0
53.6	0.307427	0
53.7	0.28507	0
53.8	0.260785	0
53.9	0.23535	0
54	0.209473	0
54.1	0.183788	0
54.2	0.158845	0
54.3	0.135113	0
54.4	0.11297	0
54.5	0.0927163	0
54.6	0.0745682	0
54.7	0.0586699	0
54.8	0.045097	0
54.9	0.0338644	0
55	0.0249341	0
55.1	0.0182231	0
55.2	0.0136116	0
55.3	0.0109505	0
55.4	0.0100694	0
55.5	0.010783	0
55.6	0.0128981	0
55.7	0.016219	0
55.8	0.0205525	0
55.9	0.0257123	0
56	0.0315226	0
56.1	0.0378207	0
56.2	0.0444591	0
56.3	0.0513073	0
56.4	0.0582518	0
56.5	0.0651971	0
56.6	0.0720654	0
56.7	0.0787956	0
56.8	0.0853423	0
56.9	0.0916751	0
57	0.0977764	0
57.1	0.10364	0
57.2	0.109269	0
57.3	0.114675	0
57.4	0.119875	0
57.5	0.12489	0
57.6	0.129744	0
57.7	0.134459	0
57.8	0.13906	0
57.9	0.143566	0
58	0.147996	0
58.1	0.152363	0
58.2	0.156676	0
58.3	0.160936	0
58.4	0.165142	0
58.5	0.169285	0
58.6	0.173354	0
58.7	0.177332	0
58.8	0.181198	0
58.9	0.184931	0
59	0.188508	0
59.1	0.191907	0
59.2	0.195106	0
59.3	0.198089	0
59.4	0.20084	0
59.5	0.203349	0
59.6	0.205608	0
59.7	0.207612	0
59.8	0.209359	0
59.9	0.210846	0
60	0.212071	0
60.1	0.213028	0
60.2	0.213709	0
60.3	0.214102	0
60.4	0.214191	0
60.5	0.213956	0
60.6	0.213372	0
60.7	0.212413	0
60.8	0.21105	0
60.9	0.209251	0
61	0.206981	0
61.1	0.204206	0
61.2	0.20089	0
61.3	0.196998	0
61.4	0.192495	0
61.5	0.18735	0
61.6	0.181538	0
61.7	0.175038	0
61.8	0.167836	0
61.9	0.159928	0
62	0.151319	0
62.1	0.142027	0
62.2	0.132078	0
62.3	0.121512	0
62.4	0.110379	0
62.5	0.0987419	0
62.6	0.0866744	0
62.7	0.0742597	0
62.8	0.0615906	0
62.9	0.048768	0
63	0.0358991	0
63.1	0.0230964	0
63.2	0.0104757	0
63.3	-0.00184569	0
63.4	-0.013751	0
63.5	-0.0251258	0
63.6	-0.0358601	0
63.7	-0.0458505	0
63.8	-0.0550019	0
63.9	-0.0632295	0
64	-0.0704606	0
64.1	-0.0766357	0
64.2	-0.0817102	0
64.3	-0.0856551	0
64.4	-0.0884576	0
64.5	-0.0901214	0
64.6	-0.0906665	0
64.7	-0.0901291	0
64.8	-0.0885604	0
64.9	-0.0860254	0
65	-0.0826019	0
65.1	-0.0783783	0
65.2	-0.0734521	0
65.3	-0.0679272	0
65.4	-0.0619127	0
65.5	-0.0555198	0
65.6	-0.0488601	0
65.7	-0.0420436	0
65.8	-0.0351762	0
65.9	-0.0283589	0
66	-0.0216852	0
66.1	-0.0152406	0
66.2	-0.00910126	0
66.3	-0.00333308	0
66.4	0.00200855	0
66.5	0.00687913	0
66.6	0.0112451	0
66.7	0.0150833	0
66.8	0.0183813	0
66.9	0.0211358	0
67	0.0233528	0
67.1	0.025046	0
67.2	0.0262367	0
67.3	0.0269531	0
67.4	0.0272262	0
67.5	0.0270923	0
67.6	0.0265911	0
67.7	0.0257642	0
67.8	0.0246548	0
67.9	0.0233061	0
68	0.0217612	0
68.1	0.020062	0
68.2	0.0182488	0
68.3	0.0163597	0
68.4	0.0144303	0
68.5	0.0124932	0
68.6	0.010578	0
68.7	0.0087109	0
68.8	0.00691463	0
68.9	0.00520855	0
69	0.0036086	0
69.1	0.00212738	0
69.2	0.000774327	0
69.3	-0.000444121	0
69.4	-0.00152433	0
69.5	-0.00246522	0
69.6	-0.00326802	0
69.7	-0.00393574	0
69.8	-0.00447393	0
69.9	-0.00488881	0
70	-0.00518812	0
70.1	-0.00538052	0
70.2	-0.00547539	0
70.3	-0.00548257	0
70.4	-0.00541214	0
70.5	-0.00527425	0
70.6	-0.00507889	0
70.7	-0.00483581	0
70.8	-0.00455432	0
70.9	-0.00424321	0
71	-0.00391069	0
71.1	-0.00356427	0
71.2	-0.00321076	0
71.3	-0.00285623	0
71.4	-0.00250599	0
71.5	-0.00216461	0
71.6	-0.00183592	0
71.7	-0.00152307	0
71.8	-0.00122854	0
71.9	-0.000954181	0
72	-0.000701297	0
72.1	-0.000470671	0
72.2	-0.000262638	0
72.3	-7.71338e-005	0
72.4	8.62442e-005	0
72.5	0.000228186	0
72.6	0.000349616	0
72.7	0.000451634	0
72.8	0.000535479	0
72.9	0.000602481	0
73	0.000654027	0
73.1	0.000691529	0
73.2	0.000716399	0
73.3	0.00073002	0
73.4	0.000733731	0
73.5	0.000728813	0
73.6	0.000716471	0
73.7	0.000697833	0
73.8	0.000673942	0
73.9	0.000645753	0
74	0.000614132	0
74.1	0.000579859	0
74.2	0.000543632	0
74.3	0.000506069	0
74.4	0.000467711	0
74.5	0.000429035	0
74.6	0.000390452	0
74.7	0.000352317	0
74.8	0.00031493	0
74.9	0.000278548	0
75	0.0623464	0
75.1	0.180758	0
75.2	0.334359	0
75.3	0.501368	0
75.4	0.664716	0
75.5	0.813058	0
75.6	0.940066	0
75.7	1.04324	0
75.8	1.12271	0
75.9	1.18034	0
76	1.21892	0
76.1	1.24167	0
76.2	1.25191	0
76.3	1.25277	0
76.4	1.24709	0
76.5	1.23735	0
76.6	1.22562	0
76.7	1.2136	0
76.8	1.2026	0
76.9	1.19361	0
77	1.18731	0
77.1	1.18411	0
77.2	1.18416	0
77.3	1.18741	0
77.4	1.19358	0
77.5	1.20221	0
77.6	1.21263	0
77.7	1.22404	0
77.8	1.23545	0
77.9	1.24577	0
78	1.2538	0
78.1	1.2583	0
78.2	1.25803	0
78.3	1.25184	0
78.4	1.2387	0
78.5	1.21781	0
78.6	1.18868	0
78.7	1.15111	0
78.8	1.10528	0
78.9	1.05173	0
79	0.991348	0
79.1	0.925289	0
79.2	0.854955	0
79.3	0.781894	0
79.4	0.707731	0
79.5	0.634091	0
79.6	0.562538	0
79.7	0.494515	0
79.8	0.431303	0
79.9	0.373996	0
80	0.323475	0
80.1	0.280406	0
80.2	0.245234	0
80.3	0.218191	0
80.4	0.199299	0
80.5	0.188386	0
80.6	0.185095	0
80.7	0.188893	0
80.8	0.199091	0
80.9	0.214853	0
81	0.235214	0
81.1	0.259105	0
81.2	0.285378	0
81.3	0.312842	0
81.4	0.340301	0
81.5	0.366601	0
81.6	0.390674	0
81.7	0.411585	0
81.8	0.428565	0
81.9	0.441044	0
82	0.448663	0
82.1	0.451282	0
82.2	0.448965	0
82.3	0.441963	0
82.4	0.430681	0
82.5	0.415644	0
82.6	0.397454	0
82.7	0.376757	0
82.8	0.354206	0
82.9	0.330426	0
83	0.305994	0
83.1	0.281417	0
83.2	0.257117	0
83.3	0.233429	0
83.4	0.210594	0
83.5	0.18877	0
83.6	0.168035	0
83.7	0.1484	0
83.8	0.129824	0
83.9	0.112229	0
84	0.0955108	0
84.1	0.0795601	0
84.2	0.0642712	0
84.3	0.0495549	0
84.4	0.0353481	0
84.5	0.0216198	0
84.6	0.00837541	0
84.7	-0.00434208	0
84.8	-0.0164539	0
84.9	-0.0278492	0
85	-0.0383916	0
85.1	-0.0479269	0
85.2	-0.0562926	0
85.3	-0.0633278	0
85.4	-0.0688833	0
85.5	-0.0728317	0
85.6	-0.0750759	0
85.7	-0.0755566	0
85.8	-0.0742581	0
85.9	-0.0712113	0
86	-0.0664956	0
86.1	-0.0602372	0
86.2	-0.0526067	0
86.3	-0.043813	0
86.4	-0.0340976	0
86.5	-0.0237253	0
86.6	-0.0129763	0
86.7	-0.00213592	0
86.8	0.00851403	0
86.9	0.0187048	0
87	0.0281886	0
87.1	0.0367457	0
87.2	0.0441908	0
87.3	0.0503766	0
87.4	0.0551975	0
87.5	0.0585906	0
87.6	0.0605358	0
87.7	0.0610541	0
87.8	0.0602053	0
87.9	0.0580841	0
88	0.0548153	0
88.1	0.0505492	0
88.2	0.045455	0
88.3	0.0397156	0
88.4	0.0335214	0
88.5	0.0270641	0
88.6	0.0205313	0
88.7	0.0141016	0
88.8	0.00793928	0
88.9	0.00219094	0
89	-0.003018	0
89.1	-0.00758565	0
89.2	-0.0114352	0
89.3	-0.0145158	0
89.4	-0.0168022	0
89.5	-0.018294	0
89.6	-0.0190143	0
89.7	-0.0190071	0
89.8	-0.0183348	0
89.9	-0.017075	0
90	-0.0153171	0
90.1	-0.0131588	0
90.2	-0.0107024	0
90.3	-0.00805128	0
90.4	-0.00530694	0
90.5	-0.00256564	0
90.6	8.4067e-005	0
90.7	0.00256352	0
90.8	0.00480565	0
90.9	0.00675624	0
91	0.00837461	0
91.1	0.00963388	0
91.2	0.0105207	0
91.3	0.0110348	0
91.4	0.0111878	0
91.5	0.0110019	0
91.6	0.0105086	0
91.7	0.0097469	0
91.8	0.00876131	0
91.9	0.00760026	0
92	0.00631444	0
92.1	0.00495409	0
92.2	0.00356824	0
92.3	0.00220359	0
92.4	0.000902412	0
92.5	-0.000298168	0
92.6	-0.00136699	0
92.7	-0.00227942	0
92.8	-0.00301763	0
92.9	-0.00357072	0
93	-0.00393453	0
93.1	-0.00411129	0
93.2	-0.00410912	0
93.3	-0.0039413	0
93.4	-0.00362578	0
93.5	-0.00318349	0
93.6	-0.00263828	0
93.7	-0.00201564	0
93.8	-0.00134184	0
93.9	-0.000643025	0
94	5.56227e-005	0
94.1	0.000730566	0
94.2	0.00136056	0
94.3	0.00192715	0
94.4	0.00241505	0
94.5	0.00281243	0
94.6	0.00311101	0
94.7	0.00330609	0
94.8	0.00339647	0
94.9	0.00338423	0
95	0.00327449	0
95.1	0.00307502	0
95.2	0.00279583	0
95.3	0.00244877	0
95.4	0.00204702	0
95.5	0.00160462	0
95.6	0.00113604	0
95.7	0.000655661	0
95.8	0.000177422	0
95.9	-0.000285582	0
96	-0.000721422	0
96.1	-0.0011196	0
96.2	-0.00147125	0
96.3	-0.00176932	0
96.4	-0.0020086	0
96.5	-0.00218581	0
96.6	-0.00229952	0
96.7	-0.0023501	0
96.8	-0.0023396	0
96.9	-0.00227157	0
97	-0.00215085	0
97.1	-0.00198341	0
97.2	-0.00177605	0
97.3	-0.00153621	0
97.4	-0.00127169	0
97.5	-0.000990461	0
97.6	-0.000700403	0
97.7	-0.000409121	0
97.8	-0.000123764	0
97.9	0.000149135	0
98	0.000403782	0
98.1	0.000635225	0
98.2	0.000839417	0
98.3	0.00101326	0
98.4	0.00115462	0
98.5	0.00126229	0
98.6	0.001336	0
98.7	0.0013763	0
98.8	0.00138452	0
98.9	0.00136267	0
99	0.00131333	0
99.1	0.00123958	0
99.2	0.00114482	0
99.3	0.00103273	0
99.4	0.000907098	0
99.5	0.000771768	0
99.6	0.000630508	0
99.7	0.000486942	0
99.8	0.000344462	0
99.9	0.00020617	0
100	7.48259e-005	0
100.1	-0.062095	0
100.2	-0.180419	0
100.3	-0.33347	0
100.4	-0.498919	0
100.5	-0.658776	0
100.6	-0.800399	0
100.7	-0.915892	0
100.8	-1.00109	0
100.9	-1.05463	0
101	-1.07715	0
101.1	-1.07076	0
101.2	-1.03853	0
101.3	-0.984152	0
101.4	-0.911608	0
101.5	-0.824951	0
101.6	-0.728097	0
101.7	-0.624696	0
101.8	-0.518043	0
101.9	-0.411031	0
102	-0.306137	0
102.1	-0.205433	0
102.2	-0.110605	0
102.3	-0.0229828	0
102.4	0.0564278	0
102.5	0.126915	0
102.6	0.188034	0
102.7	0.239577	0
102.8	0.281553	0
102.9	0.314163	0
103	0.33778	0
103.1	0.352923	0
103.2	0.360234	0
103.3	0.360457	0
103.4	0.354406	0
103.5	0.34295	0
103.6	0.326975	0
103.7	0.307374	0
103.8	0.285016	0
103.9	0.260733	0
104	0.235299	0
104.1	0.209425	0
104.2	0.183744	0
104.3	0.158806	0
104.4	0.135079	0
104.5	0.112942	0
104.6	0.0926934	0
104.7	0.074551	0
104.8	0.0586582	0
104.9	0.0450906	0
105	0.033863	0
105.1	0.0249373	0
105.2	0.0182304	0
105.3	0.0136225	0
105.4	0.0109645	0
105.5	0.0100858	0
105.6	0.0108014	0
105.7	0.012918	0
105.8	0.0162397	0
105.9	0.0205737	0
106	0.0257335	0
106.1	0.0315434	0
106.2	0.0378408	0
106.3	0.0444782	0
106.4	0.0513252	0
106.5	0.0582683	0
106.6	0.0652122	0
106.7	0.072079	0
106.8	0.0788076	0
106.9	0.0853529	0
107	0.0916843	0
107.1	0.0977843	0
107.2	0.103647	0
107.3	0.109275	0
107.4	0.11468	0
107.5	0.119879	0
107.6	0.124894	0
107.7	0.129747	0
107.8	0.134462	0
107.9	0.139062	0
108	0.143569	0
108.1	0.147999	0
108.2	0.152366	0
108.3	0.156679	0
108.4	0.160939	0
108.5	0.165146	0
108.6	0.169289	0
108.7	0.173359	0
108.8	0.177336	0
108.9	0.181203	0
109	0.184936	0
109.1	0.188513	0
109.2	0.191912	0
109.3	0.195112	0
109.4	0.198095	0
109.5	0.200846	0
109.6	0.203354	0
109.7	0.205613	0
109.8	0.207616	0
109.9	0.209363	0
110	0.21085	0
110.1	0.212074	0
110.2	0.213031	0
110.3	0.213711	0
110.4	0.214104	0
110.5	0.214192	0
110.6	0.213956	0
110.7	0.213371	0
110.8	0.212412	0
110.9	0.211048	0
111	0.209248	0
111.1	0.206978	0
111.2	0.204202	0
111.3	0.200885	0
111.4	0.196991	0
111.5	0.192487	0
111.6	0.187341	0
111.7	0.181528	0
111.8	0.175026	0
111.9	0.167823	0
112	0.159914	0
112.1	0.151304	0
112.2	0.142011	0
112.3	0.13206	0
112.4	0.121493	0
112.5	0.110359	0
112.6	0.0987214	0
112.7	0.0866531	0
112.8	0.0742378	0
112.9	0.0615683	0
113	0.0487453	0
113.1	0.0358763	0
113.2	0.0230736	0
113.3	0.0104531	0
113.4	-0.00186792	0
113.5	-0.0137727	0
113.6	-0.0251468	0
113.7	-0.0358802	0
113.8	-0.0458696	0
113.9	-0.0550198	0
114	-0.0632461	0
114.1	-0.0704758	0
114.2	-0.0766494	0
114.3	-0.0817224	0
114.4	-0.0856657	0
114.5	-0.0884666	0
114.6	-0.0901288	0
114.7	-0.0906724	0
114.8	-0.0901335	0
114.9	-0.0885633	0
115	-0.086027	0
115.1	-0.0826023	0
115.2	-0.0783777	0
115.3	-0.0734504	0
115.4	-0.0679248	0
115.5	-0.0619097	0
115.6	-0.0555163	0
115.7	-0.0488563	0
115.8	-0.0420396	0
115.9	-0.0351723	0
116	-0.0283551	0
116.1	-0.0216817	0
116.2	-0.0152376	0
116.3	-0.00909875	0
116.4	-0.00333119	0
116.5	0.00200975	0
116.6	0.00687958	0
116.7	0.0112447	0
116.8	0.0150822	0
116.9	0.0183793	0
117	0.021133	0
117.1	0.0233491	0
117.2	0.0250416	0
117.3	0.0262327	0
117.4	0.0269481	0
117.5	0.0272203	0
117.6	0.0270856	0
117.7	0.0265837	0
117.8	0.0257563	0
117.9	0.0246465	0
118	0.0232974	0
118.1	0.0217522	0
118.2	0.0200527	0
118.3	0.0182393	0
118.4	0.01635	0
118.5	0.0144205	0
118.6	0.0124833	0
118.7	0.0105681	0
118.8	0.008701	0
118.9	0.00690477	0
119	0.00519876	0
119.1	0.0035989	0
119.2	0.0021178	0
119.3	0.000764895	0
119.4	-0.000453393	0
119.5	-0.00153343	0
119.6	-0.00247414	0
119.7	-0.00327676	0
119.8	-0.00394454	0
119.9	-0.00448252	0
120	-0.0048972	0
120.1	-0.00519631	0
120.2	-0.00538852	0
120.3	-0.00548322	0
120.4	-0.00549024	0
120.5	-0.00541967	0
120.6	-0.00528165	0
120.7	-0.00508618	0
120.8	-0.004843	0
120.9	-0.00456143	0
121	-0.00425025	0
121.1	-0.00391768	0
121.2	-0.00357122	0
121.3	-0.00321768	0
121.4	-0.00286312	0
121.5	-0.00251287	0
121.6	-0.00217148	0
121.7	-0.0018428	0
121.8	-0.00152995	0
121.9	-0.00123543	0
122	-0.000961074	0
122.1	-0.000708195	0
122.2	-0.000477575	0
122.3	-0.000269548	0
122.4	-8.40485e-005	0
122.5	7.93303e-005	0
122.6	0.000221279	0
122.7	0.000342719	0
122.8	0.00044475	0
122.9	0.000528608	0
123	0.000595623	0
123.1	0.000647184	0
123.2	0.000684702	0
123.3	0.000709588	0
123.4	0.000723228	0
123.5	0.000726959	0
123.6	0.000722061	0
123.7	0.000709742	0
123.8	0.000691127	0
123.9	0.00066726	0
124	0.000639095	0
124.1	0.000607498	0
124.2	0.00057325	0
124.3	0.000537046	0
124.4	0.000499505	0
124.5	0.000461169	0
124.6	0.000422513	0
124.7	0.000383948	0
124.8	0.000345829	0
124.9	0.000308456	0
125	0.000272084	0
125.1	0.0623399	0
125.2	0.180752	0
125.3	0.334353	0
125.4	0.501361	0
125.5	0.664708	0
125.6	0.813048	0
125.7	0.940055	0
125.8	1.04322	0
125.9	1.1227	0
126	1.18032	0
126.1	1.2189	0
126.2	1.24165	0
126.3	1.25188	0
126.4	1.25273	0
126.5	1.24704	0
126.6	1.2373	0
126.7	1.22556	0
126.8	1.21353	0
126.9	1.20252	0
127	1.19352	0
127.1	1.18721	0
127.2	1.184	0
127.3	1.18405	0
127.4	1.18729	0
127.5	1.19346	0
127.6	1.20207	0
127.7	1.21249	0
127.8	1.22389	0
127.9	1.2353	0
128	1.24562	0
128.1	1.25365	0
128.2	1.25816	0
128.3	1.2579	0
128.4	1.25171	0
128.5	1.23859	0
128.6	1.21772	0
128.7	1.1886	0
128.8	1.15105	0
128.9	1.10525	0
129	1.05172	0
129.1	0.991354	0
129.2	0.925313	0
129.3	0.854992	0
129.4	0.781941	0
129.5	0.707783	0
129.6	0.634144	0
129.7	0.562586	0
129.8	0.494553	0
129.9	0.431328	0
130	0.374001	0
130.1	0.323457	0
130.2	0.280361	0
130.3	0.245159	0
130.4	0.218082	0
130.5	0.199155	0
130.6	0.188206	0
130.7	0.184878	0
130.8	0.188641	0
130.9	0.198805	0
131	0.214537	0
131.1	0.234873	0
131.2	0.258746	0
131.3	0.285008	0
131.4	0.31247	0
131.5	0.339936	0
131.6	0.366253	0
131.7	0.390352	0
131.8	0.411297	0
131.9	0.428318	0
132	0.440842	0
132.1	0.448509	0
132.2	0.451176	0
132.3	0.448906	0
132.4	0.441948	0
132.5	0.430706	0
132.6	0.415702	0
132.7	0.397541	0
132.8	0.376867	0
132.9	0.354334	0
133	0.330567	0
133.1	0.306146	0
133.2	0.281576	0
133.3	0.257282	0
133.4	0.2336	0
133.5	0.210772	0
133.6	0.188956	0
133.7	0.168231	0
133.8	0.148608	0
133.9	0.130047	0
134	0.112466	0
134.1	0.0957639	0
134.2	0.0798288	0
134.3	0.0645542	0
134.4	0.0498499	0
134.5	0.0356515	0
134.6	0.0219269	0
134.7	0.00868056	0
134.8	-0.00404558	0
134.9	-0.0161733	0
135	-0.0275921	0
135.1	-0.0381655	0
135.2	-0.0477392	0
135.3	-0.0561499	0
135.4	-0.0632356	0
135.5	-0.0688459	0
135.6	-0.0728518	0
135.7	-0.0751543	0
135.8	-0.0756923	0
135.9	-0.0744479	0
136	-0.0714505	0
136.1	-0.0667773	0
136.2	-0.0605532	0
136.3	-0.0529473	0
136.4	-0.0441679	0
136.5	-0.0344554	0
136.6	-0.0240749	0
136.7	-0.0133065	0
136.8	-0.00243647	0
136.9	0.00825251	0
137	0.0184902	0
137.1	0.0280273	0
137.2	0.0366422	0
137.3	0.0441474	0
137.4	0.0503938	0
137.5	0.0552735	0
137.6	0.0587217	0
137.7	0.0607164	0
137.8	0.0612771	0
137.9	0.0604621	0
138	0.058365	0
138.1	0.0551101	0
138.2	0.050847	0
138.3	0.0457453	0
138.4	0.0399881	0
138.5	0.0337665	0
138.6	0.0272733	0
138.7	0.0206976	0
138.8	0.0142194	0
138.9	0.00800488	0
139	0.00220256	0
139.1	-0.00306017	0
139.2	-0.00767947	0
139.3	-0.0115767	0
139.4	-0.0146991	0
139.5	-0.01702	0
139.6	-0.0185379	0
139.7	-0.0192747	0
139.8	-0.019274	0
139.9	-0.0185977	0
140	-0.0173237	0
140.1	-0.0155419	0
140.2	-0.0133508	0
140.3	-0.0108537	0
140.4	-0.00815558	0
140.5	-0.00535946	0
140.6	-0.00256337	0
140.7	0.000142252	0
140.8	0.00267684	0
140.9	0.00497148	0
141	0.00697016	0
141.1	0.00863062	0
141.2	0.00992457	0
141.3	0.0108376	0
141.4	0.0113684	0
141.5	0.0115281	0
141.6	0.0113389	0
141.7	0.0108323	0
141.8	0.0100478	0
141.9	0.00903065	0
142	0.00783038	0
142.1	0.00649869	0
142.2	0.005088	0
142.3	0.00364888	0
142.4	0.00222953	0
142.5	0.000873974	0
142.6	-0.000378689	0
142.7	-0.00149557	0
142.8	-0.0024504	0
142.9	-0.00322397	0
143	-0.00380413	0
143.1	-0.00418579	0
143.2	-0.00437053	0
143.3	-0.0043661	0
143.4	-0.00418576	0
143.5	-0.00384774	0
143.6	-0.00337352	0
143.7	-0.0027878	0
143.8	-0.00211719	0
143.9	-0.00138927	0
144	-0.00063168	0
144.1	0.000128763	0
144.2	0.000866818	0
144.3	0.0015595	0
144.4	0.00218663	0
144.5	0.00273129	0
144.6	0.0031801	0
144.7	0.00352339	0
144.8	0.00375527	0
144.9	0.00387358	0
145	0.00387967	0
145.1	0.00377818	0
145.2	0.00357665	0
145.3	0.00328518	0
145.4	0.00291592	0
145.5	0.00248261	0
145.6	0.00200009	0
145.7	0.00148378	0
145.8	0.00094924	0
145.9	0.000411689	0
146	-0.000114389	0
146.1	-0.000615613	0
146.2	-0.00108001	0
146.3	-0.00149727	0
146.4	-0.00185892	0
146.5	-0.00215842	0
146.6	-0.00239129	0
146.7	-0.00255504	0
146.8	-0.00264913	0
146.9	-0.00267489	0
147	-0.00263532	0
147.1	-0.00253494	0
147.2	-0.00237958	0
147.3	-0.00217609	0
147.4	-0.00193216	0
147.5	-0.001656	0
147.6	-0.00135616	0
147.7	-0.00104119	0
147.8	-0.00071954	0
147.9	-0.000399235	0
148	-8.77699e-005	0
148.1	0.000208073	0
148.2	0.000482341	0
148.3	0.000730005	0
148.4	0.000947019	0
148.5	0.00113036	0
148.6	0.00127801	0
148.7	0.00138896	0
148.8	0.00146316	0
148.9	0.00150141	0
149	0.00150533	0
149.1	0.00147723	0
149.2	0.00142001	0
149.3	0.00133704	0
149.4	0.00123204	0
149.5	0.00110898	0
149.6	0.000971939	0
149.7	0.000825014	0
149.8	0.000672217	0
149.9	0.000517386	0
150	0.000364103	0
150.1	-0.0618321	0
150.2	-0.180186	0
150.3	-0.333269	0
150.4	-0.498753	0
150.5	-0.658645	0
150.6	-0.800304	0
150.7	-0.915832	0
150.8	-1.00107	0
150.9	-1.05463	0
151	-1.07719	0
151.1	-1.07082	0
151.2	-1.03862	0
151.3	-0.984252	0
151.4	-0.911721	0
151.5	-0.825074	0
151.6	-0.728226	0
151.7	-0.624828	0
151.8	-0.518174	0
151.9	-0.411157	0
152	-0.306257	0
152.1	-0.205544	0
152.2	-0.110706	0
152.3	-0.0230716	0
152.4	0.0563523	0
152.5	0.126854	0
152.6	0.187987	0
152.7	0.239545	0
152.8	0.281535	0
152.9	0.31416	0
153	0.33779	0
153.1	0.352944	0
153.2	0.360266	0
153.3	0.360498	0
153.4	0.354455	0
153.5	0.343004	0
153.6	0.327034	0
153.7	0.307435	0
153.8	0.285078	0
153.9	0.260793	0
154	0.235357	0
154.1	0.20948	0
154.2	0.183794	0
154.3	0.15885	0
154.4	0.135117	0
154.5	0.112973	0
154.6	0.0927174	0
154.7	0.0745679	0
154.8	0.0586681	0
154.9	0.0450937	0
155	0.0338596	0
155.1	0.0249279	0
155.2	0.0182156	0
155.3	0.0136027	0
155.4	0.0109405	0
155.5	0.0100583	0
155.6	0.0107709	0
155.7	0.0128852	0
155.8	0.0162053	0
155.9	0.0205381	0
156	0.0256973	0
156.1	0.0315072	0
156.2	0.0378048	0
156.3	0.044443	0
156.4	0.0512908	0
156.5	0.0582351	0
156.6	0.0651803	0
156.7	0.0720485	0
156.8	0.0787785	0
156.9	0.0853252	0
157	0.0916579	0
157.1	0.097759	0
157.2	0.103623	0
157.3	0.109252	0
157.4	0.114658	0
157.5	0.119858	0
157.6	0.124872	0
157.7	0.129725	0
157.8	0.13444	0
157.9	0.139041	0
158	0.143547	0
158.1	0.147977	0
158.2	0.152344	0
158.3	0.156656	0
158.4	0.160916	0
158.5	0.165122	0
158.6	0.169266	0
158.7	0.173335	0
158.8	0.177312	0
158.9	0.181179	0
159	0.184912	0
159.1	0.18849	0
159.2	0.191889	0
159.3	0.195089	0
159.4	0.198073	0
159.5	0.200825	0
159.6	0.203334	0
159.7	0.205594	0
159.8	0.207599	0
159.9	0.209346	0
160	0.210834	0
160.1	0.21206	0
160.2	0.213017	0
160.3	0.213699	0
160.4	0.214093	0
160.5	0.214183	0
160.6	0.213948	0
160.7	0.213366	0
160.8	0.212408	0
160.9	0.211046	0
161	0.209248	0
161.1	0.20698	0
161.2	0.204207	0
161.3	0.200892	0
161.4	0.197001	0
161.5	0.1925	0
161.6	0.187358	0
161.7	0.181547	0
161.8	0.175049	0
161.9	0.167849	0
162	0.159943	0
162.1	0.151336	0
162.2	0.142046	0
162.3	0.132099	0
162.4	0.121534	0
162.5	0.110403	0
162.6	0.0987673	0
162.7	0.0867009	0
162.8	0.0742871	0
162.9	0.0616187	0
163	0.0487964	0
163.1	0.0359276	0
163.2	0.0231247	0
163.3	0.0105034	0
163.4	-0.00181889	0
163.5	-0.0137254	0
163.6	-0.0251017	0
163.7	-0.0358377	0
163.8	-0.0458301	0
163.9	-0.0549837	0
164	-0.0632138	0
164.1	-0.0704474	0
164.2	-0.0766253	0
164.3	-0.0817026	0
164.4	-0.0856503	0
164.5	-0.0884556	0
164.6	-0.0901221	0
164.7	-0.09067	0
164.8	-0.0901351	0
164.9	-0.0885687	0
165	-0.0860359	0
165.1	-0.0826144	0
165.2	-0.0783925	0
165.3	-0.0734676	0
165.4	-0.0679439	0
165.5	-0.0619302	0
165.6	-0.0555379	0
165.7	-0.0488785	0
165.8	-0.0420619	0
165.9	-0.0351944	0
166	-0.0283766	0
166.1	-0.0217022	0
166.2	-0.0152568	0
166.3	-0.00911645	0
166.4	-0.00334714	0
166.5	0.00199572	0
166.6	0.00686761	0
166.7	0.0112349	0
166.8	0.0150745	0
166.9	0.0183738	0
167	0.0211296	0
167.1	0.0233478	0
167.2	0.0250435	0
167.3	0.0262362	0
167.4	0.0269532	0
167.5	0.0272267	0
167.6	0.0270933	0
167.7	0.0265925	0
167.8	0.025766	0
167.9	0.0246568	0
168	0.0233083	0
168.1	0.0217634	0
168.2	0.0200641	0
168.3	0.0182507	0
168.4	0.0163613	0
168.5	0.0144315	0
168.6	0.012494	0
168.7	0.0105783	0
168.8	0.0087106	0
168.9	0.00691376	0
169	0.00520709	0
169.1	0.00360654	0
169.2	0.00212474	0
169.3	0.000771123	0
169.4	-0.000447869	0
169.5	-0.00152859	0
169.6	-0.00246996	0
169.7	-0.0032732	0
169.8	-0.00394156	0
169.9	-0.00448006	0
170	-0.00489522	0
170.1	-0.00519475	0
170.2	-0.00538733	0
170.3	-0.00548234	0
170.4	-0.00548961	0
170.5	-0.00541924	0
170.6	-0.00528136	0
170.7	-0.00508598	0
170.8	-0.00484285	0
170.9	-0.00456127	0
171	-0.00425006	0
171.1	-0.0039174	0
171.2	-0.00357083	0
171.3	-0.00321716	0
171.4	-0.00286245	0
171.5	-0.00251202	0
171.6	-0.00217045	0
171.7	-0.00184157	0
171.8	-0.00152853	0
171.9	-0.00123381	0
172	-0.000959257	0
172.1	-0.000706179	0
172.2	-0.000475364	0
172.3	-0.000267146	0
172.4	-8.1465e-005	0
172.5	8.20859e-005	0
172.6	0.000224196	0
172.7	0.000345784	0
172.8	0.000447949	0
172.9	0.000531928	0
173	0.00059905	0
173.1	0.000650704	0
173.2	0.000688303	0
173.3	0.000713257	0
173.4	0.000726951	0
173.5	0.000730727	0
173.6	0.000725863	0
173.7	0.000713567	0
173.8	0.000694967	0
173.9	0.000671106	0
174	0.000642939	0
174.1	0.000611333	0
174.2	0.000577069	0
174.3	0.000540844	0
174.4	0.000503277	0
174.5	0.000464912	0
174.6	0.000426227	0
174.7	0.000387634	0
174.8	0.000349487	0
174.9	0.000312087	0
175	0.000275687	0
175.1	0.0623434	0
175.2	0.180755	0
175.3	0.334355	0
175.4	0.501363	0
175.5	0.664709	0
175.6	0.813047	0
175.7	0.940051	0
175.8	1.04322	0
175.9	1.12269	0
176	1.18031	0
176.1	1.21888	0
176.2	1.24162	0
176.3	1.25184	0
176.4	1.25269	0
176.5	1.247	0
176.6	1.23724	0
176.7	1.2255	0
176.8	1.21346	0
176.9	1.20244	0
177	1.19343	0
177.1	1.18712	0
177.2	1.1839	0
177.3	1.18394	0
177.4	1.18717	0
177.5	1.19333	0
177.6	1.20193	0
177.7	1.21235	0
177.8	1.22374	0
177.9	1.23515	0
178	1.24547	0
178.1	1.25351	0
178.2	1.25802	0
178.3	1.25777	0
178.4	1.2516	0
178.5	1.23849	0
178.6	1.21765	0
178.7	1.18855	0
178.8	1.15103	0
178.9	1.10524	0
179	1.05174	0
179.1	0.991394	0
179.2	0.925371	0
179.3	0.855066	0
179.4	0.782025	0
179.5	0.707874	0
179.6	0.634237	0
179.7	0.562676	0
179.8	0.494635	0
179.9	0.431396	0
180	0.374052	0
180.1	0.323487	0
180.2	0.280366	0
180.3	0.245136	0
180.4	0.218029	0
180.5	0.19907	0
180.6	0.188088	0
180.7	0.184728	0
180.8	0.188459	0
180.9	0.198594	0
181	0.214301	0
181.1	0.234616	0
181.2	0.258473	0
181.3	0.284727	0
181.4	0.312188	0
181.5	0.339661	0
181.6	0.365993	0
181.7	0.390115	0
181.8	0.411089	0
181.9	0.428144	0
182	0.440707	0
182.1	0.448415	0
182.2	0.451123	0
182.3	0.448893	0
182.4	0.441972	0
182.5	0.430764	0
182.6	0.415789	0
182.7	0.397652	0
182.8	0.376997	0
182.9	0.354478	0
183	0.330722	0
183.1	0.306307	0
183.2	0.281741	0
183.3	0.257451	0
183.4	0.23377	0
183.5	0.210944	0
183.6	0.189131	0
183.7	0.168409	0
183.8	0.148791	0
183.9	0.130235	0
184	0.112662	0
184.1	0.0959678	0
184.2	0.0800408	0
184.3	0.0647738	0
184.4	0.0500758	0
184.5	0.0358817	0
184.6	0.0221585	0
184.7	0.00891001	0
184.8	-0.00382247	0
184.9	-0.0159612	0
185	-0.027396	0
185.1	-0.0379906	0
185.2	-0.0475903	0
185.3	-0.0560316	0
185.4	-0.0631518	0
185.5	-0.0687998	0
185.6	-0.0728453	0
185.7	-0.0751884	0
185.8	-0.0757666	0
185.9	-0.0745609	0
186	-0.0715991	0
186.1	-0.0669574	0
186.2	-0.0607596	0
186.3	-0.0531737	0
186.4	-0.0444075	0
186.5	-0.0347009	0
186.6	-0.0243187	0
186.7	-0.0135413	0
186.8	-0.00265526	0
186.9	0.00805622	0
187	0.018322	0
187.1	0.0278918	0
187.2	0.0365427	0
187.3	0.0440861	0
187.4	0.0503713	0
187.5	0.0552893	0
187.6	0.0587739	0
187.7	0.0608018	0
187.8	0.0613915	0
187.9	0.0606003	0
188	0.0585211	0
188.1	0.0552776	0
188.2	0.0510193	0
188.3	0.0459154	0
188.4	0.0401495	0
188.5	0.033913	0
188.6	0.0273993	0
188.7	0.0207983	0
188.8	0.014291	0
188.9	0.00804477	0
189	0.00220925	0
189.1	-0.00308692	0
189.2	-0.00773862	0
189.3	-0.011666	0
189.4	-0.0148152	0
189.5	-0.0171587	0
189.6	-0.0186939	0
189.7	-0.0194422	0
189.8	-0.0194467	0
189.9	-0.0187692	0
190	-0.0174876	0
190.1	-0.015692	0
190.2	-0.0134813	0
190.3	-0.0109596	0
190.4	-0.00823286	0
190.5	-0.00540489	0
190.6	-0.00257493	0
190.7	0.000165429	0
190.8	0.0027344	0
190.9	0.00506187	0
191	0.0070907	0
191.1	0.00877756	0
191.2	0.0100932	0
191.3	0.0110226	0
191.4	0.0115637	0
191.5	0.0117274	0
191.6	0.0115356	0
191.7	0.0110199	0
191.8	0.0102201	0
191.9	0.009182	0
192	0.00795571	0
192.1	0.00659384	0
192.2	0.00514953	0
192.3	0.003675	0
192.4	0.00221934	0
192.5	0.000827888	0
192.6	-0.000459185	0
192.7	-0.00160774	0
192.8	-0.00259041	0
192.9	-0.00338696	0
193	-0.00398442	0
193.1	-0.00437699	0
193.2	-0.00456576	0
193.3	-0.0045582	0
193.4	-0.00436748	0
193.5	-0.00401172	0
193.6	-0.00351308	0
193.7	-0.00289699	0
193.8	-0.00219052	0
193.9	-0.00142216	0
194	-0.000620567	0
194.1	0.000186323	0
194.2	0.000972067	0
194.3	0.00171245	0
194.4	0.00238606	0
194.5	0.00297478	0
194.6	0.00346407	0
194.7	0.00384325	0
194.8	0.00410549	0
194.9	0.00424786	0
195	0.00427109	0
195.1	0.00417938	0
195.2	0.00398003	0
195.3	0.00368308	0
195.4	0.0033008	0
195.5	0.00284723	0
195.6	0.00233769	0
195.7	0.00178824	0
195.8	0.00121521	0
195.9	0.000634686	0
196	6.2138e-005	0
196.1	-0.000488022	0
196.2	-0.00100275	0
196.3	-0.00147064	0
196.4	-0.00188216	0
196.5	-0.00222975	0
196.6	-0.00250798	0
196.7	-0.00271346	0
196.8	-0.00284492	0
196.9	-0.00290302	0
197	-0.00289027	0
197.1	-0.00281082	0
197.2	-0.00267026	0
197.3	-0.00247537	0
197.4	-0.00223389	0
197.5	-0.00195424	0
197.6	-0.00164527	0
197.7	-0.00131599	0
197.8	-0.000975335	0
197.9	-0.000631966	0
198	-0.000294037	0
198.1	3.09601e-005	0
198.2	0.000336337	0
198.3	0.000616324	0
198.4	0.000866145	0
198.5	0.00108207	0
198.6	0.00126143	0
198.7	0.00140261	0
198.8	0.001505	0
198.9	0.00156897	0
199	0.00159573	0
199.1	0.0015873	0
199.2	0.00154636	0
199.3	0.00147616	0
199.4	0.00138038	0
199.5	0.00126303	0
199.6	0.00112829	0
199.7	0.000980436	0
199.8	0.000823727	0
199.9	0.000662279	0
200	0.000499999	0
200.1	-0.0617072	0
200.2	-0.180074	0
200.3	-0.333171	0
200.4	-0.498669	0
200.5	-0.658577	0
200.6	-0.800252	0
200.7	-0.915795	0
200.8	-1.00104	0
200.9	-1.05463	0
201	-1.07719	0
201.1	-1.07084	0
201.2	-1.03864	0
201.3	-0.98429	0
201.4	-0.911766	0
201.5	-0.825124	0
201.6	-0.72828	0
201.7	-0.624884	0
201.8	-0.51823	0
201.9	-0.411213	0
