#V(JJ1)
0	-0.000955171	0
0.1	-0.00140782	0
0.2	-0.00031565	0
0.3	0.00280024	0
0.4	0.00807872	0
0.5	0.015448	0
0.6	0.024701	0
0.7	0.0355416	0
0.8	0.0476154	0
0.9	0.060533	0
1	0.073889	0
1.1	0.0872781	0
1.2	0.10031	0
1.3	0.11262	0
1.4	0.123883	0
1.5	0.133816	0
1.6	0.142188	0
1.7	0.148821	0
1.8	0.153591	0
1.9	0.156429	0
2	0.157317	0
2.1	0.156285	0
2.2	0.153408	0
2.3	0.148796	0
2.4	0.142591	0
2.5	0.134963	0
2.6	0.126097	0
2.7	0.116193	0
2.8	0.105458	0
2.9	0.0941001	0
3	0.0823251	0
3.1	0.0703309	0
3.2	0.0583049	0
3.3	0.046421	0
3.4	0.034837	0
3.5	0.0236932	0
3.6	0.0131116	0
3.7	0.00319453	0
3.8	-0.00597454	0
3.9	-0.0143314	0
4	-0.02183	0
4.1	-0.0284418	0
4.2	-0.0341546	0
4.3	-0.0389707	0
4.4	-0.0429061	0
4.5	-0.0459881	0
4.6	-0.0482546	0
4.7	-0.0497513	0
4.8	-0.050531	0
4.9	-0.0506516	0
5	-0.0501747	0
5.1	-0.0491639	0
5.2	-0.047684	0
5.3	-0.0457996	0
5.4	-0.0435739	0
5.5	-0.0410681	0
5.6	-0.0383408	0
5.7	-0.035447	0
5.8	-0.032438	0
5.9	-0.0293607	0
6	-0.0262581	0
6.1	-0.0231683	0
6.2	-0.0201252	0
6.3	-0.0171582	0
6.4	-0.0142926	0
6.5	-0.0115493	0
6.6	-0.00894576	0
6.7	-0.00649569	0
6.8	-0.00420953	0
6.9	-0.00209475	0
7	-0.000156116	0
7.1	0.00160399	0
7.2	0.00318529	0
7.3	0.00458938	0
7.4	0.00581942	0
7.5	0.0068799	0
7.6	0.0077765	0
7.7	0.00851578	0
7.8	0.00910512	0
7.9	0.00955248	0
8	0.0098663	0
8.1	0.0100554	0
8.2	0.0101288	0
8.3	0.0100956	0
8.4	0.0099653	0
8.5	0.00974708	0
8.6	0.00945021	0
8.7	0.00908384	0
8.8	0.00865698	0
8.9	0.00817844	0
9	0.0076568	0
9.1	0.00710036	0
9.2	0.00651714	0
9.3	0.00591479	0
9.4	0.00530062	0
9.5	0.00468152	0
9.6	0.00406397	0
9.7	0.00345398	0
9.8	0.00285709	0
9.9	0.00227838	0
10	0.00172238	0
10.1	0.00119313	0
10.2	0.00069411	0
10.3	0.000228296	0
10.4	-0.000201886	0
10.5	-0.000594535	0
10.6	-0.000948266	0
10.7	-0.0012622	0
10.8	-0.00153595	0
10.9	-0.00176957	0
11	-0.00196359	0
11.1	-0.00211889	0
11.2	-0.00223677	0
11.3	-0.00231883	0
11.4	-0.00236699	0
11.5	-0.0023834	0
11.6	-0.00237044	0
11.7	-0.00233064	0
11.8	-0.0022667	0
11.9	-0.00218135	0
12	-0.00207741	0
12.1	-0.00195769	0
12.2	-0.00182499	0
12.3	-0.00168202	0
12.4	-0.00153142	0
12.5	-0.00137571	0
12.6	-0.00121727	0
12.7	-0.00105832	0
12.8	-0.000900881	0
12.9	-0.000746808	0
13	-0.000597742	0
13.1	-0.000455121	0
13.2	-0.000320173	0
13.3	-0.000193921	0
13.4	-7.7179e-005	0
13.5	2.94331e-005	0
13.6	0.000125487	0
13.7	0.000210734	0
13.8	0.000285091	0
13.9	0.000348628	0
14	0.000401554	0
14.1	0.0004442	0
14.2	0.000477005	0
14.3	0.000500499	0
14.4	0.000515279	0
14.5	0.000522023	0
14.6	0.000521432	0
14.7	0.000514244	0
14.8	0.000501214	0
14.9	0.000483103	0
15	0.000460662	0
15.1	0.000434627	0
15.2	0.00040571	0
15.3	0.000374586	0
15.4	0.000341895	0
15.5	0.000308228	0
15.6	0.000274132	0
15.7	0.000240099	0
15.8	0.000206572	0
15.9	0.000173937	0
16	0.000142529	0
16.1	0.000112629	0
16.2	8.44699e-005	0
16.3	5.82327e-005	0
16.4	3.40544e-005	0
16.5	1.20288e-005	0
16.6	-7.78965e-006	0
16.7	-2.53835e-005	0
16.8	-4.07655e-005	0
16.9	-5.39772e-005	0
17	-6.50847e-005	0
17.1	-7.41749e-005	0
17.2	-8.13523e-005	0
17.3	-8.67355e-005	0
17.4	-9.04534e-005	0
17.5	-9.26423e-005	0
17.6	-9.34436e-005	0
17.7	-9.30006e-005	0
17.8	-9.14569e-005	0
17.9	-8.89541e-005	0
18	-8.56302e-005	0
18.1	-8.16183e-005	0
18.2	-7.7045e-005	0
18.3	-7.20299e-005	0
18.4	-6.66844e-005	0
18.5	-6.11118e-005	0
18.6	-5.54061e-005	0
18.7	-4.96524e-005	0
18.8	-4.39269e-005	0
18.9	-3.82965e-005	0
19	-3.28195e-005	0
19.1	-2.75454e-005	0
19.2	-2.25159e-005	0
19.3	-1.77647e-005	0
19.4	-1.33184e-005	0
19.5	-9.19688e-006	0
19.6	-5.41372e-006	0
19.7	-1.97698e-006	0
19.8	1.11037e-006	0
19.9	3.84988e-006	0
20	6.24708e-006	0
20.1	8.31095e-006	0
20.2	1.00534e-005	0
20.3	1.14889e-005	0
20.4	1.26337e-005	0
20.5	1.3506e-005	0
20.6	1.41249e-005	0
20.7	1.45105e-005	0
20.8	1.46834e-005	0
20.9	1.46644e-005	0
21	1.44743e-005	0
21.1	1.41336e-005	0
21.2	1.36625e-005	0
21.3	1.30803e-005	0
21.4	1.24056e-005	0
21.5	1.16563e-005	0
21.6	1.08488e-005	0
21.7	9.99891e-006	0
21.8	9.12097e-006	0
21.9	8.22829e-006	0
22	7.33298e-006	0
22.1	6.44584e-006	0
22.2	5.57644e-006	0
22.3	4.73308e-006	0
22.4	3.92294e-006	0
22.5	3.15207e-006	0
22.6	2.42545e-006	0
22.7	1.747e-006	0
22.8	1.1197e-006	0
22.9	5.45623e-007	0
23	2.59863e-008	0
23.1	-4.38755e-007	0
23.2	-8.48842e-007	0
23.3	-1.20515e-006	0
23.4	-1.50908e-006	0
23.5	-1.76256e-006	0
23.6	-1.96787e-006	0
23.7	-2.12768e-006	0
23.8	-2.2449e-006	0
23.9	-2.32268e-006	0
24	-2.3643e-006	0
24.1	-2.37316e-006	0
24.2	-2.35271e-006	0
24.3	-2.30641e-006	0
24.4	-2.23766e-006	0
24.5	-2.14977e-006	0
24.6	-2.04595e-006	0
24.7	-1.92924e-006	0
24.8	-1.80253e-006	0
24.9	-1.66851e-006	0
25	-0.0263573	0
25.1	-0.0765876	0
25.2	-0.141636	0
25.3	-0.212111	0
25.4	-0.280525	0
25.5	-0.34171	0
25.6	-0.392522	0
25.7	-0.43137	0
25.8	-0.457758	0
25.9	-0.471931	0
26	-0.474611	0
26.1	-0.466815	0
26.2	-0.449721	0
26.3	-0.424587	0
26.4	-0.392685	0
26.5	-0.355256	0
26.6	-0.313483	0
26.7	-0.268469	0
26.8	-0.221222	0
26.9	-0.172649	0
27	-0.123556	0
27.1	-0.0746447	0
27.2	-0.0265177	0
27.3	0.0203152	0
27.4	0.065431	0
27.5	0.108486	0
27.6	0.149206	0
27.7	0.187381	0
27.8	0.222854	0
27.9	0.255515	0
28	0.28529	0
28.1	0.312137	0
28.2	0.336038	0
28.3	0.356993	0
28.4	0.375015	0
28.5	0.390129	0
28.6	0.402362	0
28.7	0.411754	0
28.8	0.418346	0
28.9	0.42219	0
29	0.423346	0
29.1	0.421887	0
29.2	0.4179	0
29.3	0.411488	0
29.4	0.402775	0
29.5	0.391904	0
29.6	0.379037	0
29.7	0.364358	0
29.8	0.348069	0
29.9	0.330389	0
30	0.311553	0
30.1	0.291806	0
30.2	0.271403	0
30.3	0.250604	0
30.4	0.229671	0
30.5	0.208861	0
30.6	0.18843	0
30.7	0.16862	0
30.8	0.149662	0
30.9	0.13177	0
31	0.115135	0
31.1	0.0999265	0
31.2	0.0862836	0
31.3	0.0743157	0
31.4	0.0640977	0
31.5	0.0556691	0
31.6	0.0490318	0
31.7	0.0441506	0
31.8	0.0409538	0
31.9	0.0393353	0
32	0.0391585	0
32.1	0.0402601	0
32.2	0.0424566	0
32.3	0.0455495	0
32.4	0.0493325	0
32.5	0.0535978	0
32.6	0.0581423	0
32.7	0.0627733	0
32.8	0.0673139	0
32.9	0.071606	0
33	0.0755141	0
33.1	0.0789266	0
33.2	0.0817564	0
33.3	0.0839412	0
33.4	0.0854415	0
33.5	0.0862398	0
33.6	0.0863372	0
33.7	0.0857513	0
33.8	0.0845127	0
33.9	0.0826622	0
34	0.0802481	0
34.1	0.077323	0
34.2	0.0739418	0
34.3	0.0701596	0
34.4	0.0660302	0
34.5	0.0616052	0
34.6	0.0569327	0
34.7	0.0520582	0
34.8	0.0470234	0
34.9	0.0418677	0
35	0.0366282	0
35.1	0.0313407	0
35.2	0.0260405	0
35.3	0.0207628	0
35.4	0.0155438	0
35.5	0.0104212	0
35.6	0.00543383	0
35.7	0.000622486	0
35.8	-0.00397084	0
35.9	-0.00830329	0
36	-0.0123319	0
36.1	-0.0160145	0
36.2	-0.019311	0
36.3	-0.0221842	0
36.4	-0.0246017	0
36.5	-0.0265363	0
36.6	-0.027968	0
36.7	-0.0288841	0
36.8	-0.0292809	0
36.9	-0.0291634	0
37	-0.028546	0
37.1	-0.0274527	0
37.2	-0.0259162	0
37.3	-0.0239775	0
37.4	-0.0216853	0
37.5	-0.0190947	0
37.6	-0.0162655	0
37.7	-0.0132614	0
37.8	-0.0101479	0
37.9	-0.0069911	0
38	-0.00385568	0
38.1	-0.000803629	0
38.2	0.00210723	0
38.3	0.00482456	0
38.4	0.0073026	0
38.5	0.00950304	0
38.6	0.0113957	0
38.7	0.0129589	0
38.8	0.0141796	0
38.9	0.0150535	0
39	0.0155844	0
39.1	0.0157841	0
39.2	0.0156714	0
39.3	0.0152712	0
39.4	0.0146139	0
39.5	0.0137337	0
39.6	0.0126683	0
39.7	0.0114568	0
39.8	0.0101395	0
39.9	0.00875595	0
40	0.00734467	0
40.1	0.00594171	0
40.2	0.00458009	0
40.3	0.00328908	0
40.4	0.00209366	0
40.5	0.00101418	0
40.6	6.61499e-005	0
40.7	-0.000739832	0
40.8	-0.001398	0
40.9	-0.00190719	0
41	-0.00227053	0
41.1	-0.00249497	0
41.2	-0.00259083	0
41.3	-0.00257115	0
41.4	-0.00245114	0
41.5	-0.00224753	0
41.6	-0.00197791	0
41.7	-0.00166018	0
41.8	-0.00131194	0
41.9	-0.000949979	0
42	-0.000589863	0
42.1	-0.000245446	0
42.2	7.13064e-005	0
42.3	0.000350579	0
42.4	0.000584806	0
42.5	0.000768816	0
42.6	0.000899718	0
42.7	0.000976829	0
42.8	0.00100151	0
42.9	0.000976964	0
43	0.000907957	0
43.1	0.000800549	0
43.2	0.000661782	0
43.3	0.000499362	0
43.4	0.000321358	0
43.5	0.000135843	0
43.6	-4.93163e-005	0
43.7	-0.000226743	0
43.8	-0.000389771	0
43.9	-0.000532623	0
44	-0.000650559	0
44.1	-0.000739969	0
44.2	-0.000798425	0
44.3	-0.000824703	0
44.4	-0.000818743	0
44.5	-0.000781597	0
44.6	-0.000715325	0
44.7	-0.00062288	0
44.8	-0.00050796	0
44.9	-0.000374855	0
45	-0.000228274	0
45.1	-7.31824e-005	0
45.2	8.53759e-005	0
45.3	0.000242433	0
45.4	0.00039325	0
45.5	0.000533451	0
45.6	0.000659138	0
45.7	0.000766987	0
45.8	0.000854321	0
45.9	0.000919157	0
46	0.000960234	0
46.1	0.000977014	0
46.2	0.000969664	0
46.3	0.000939021	0
46.4	0.000886534	0
46.5	0.000814194	0
46.6	0.000724453	0
46.7	0.000620137	0
46.8	0.000504344	0
46.9	0.000380352	0
47	0.000251518	0
47.1	0.000121183	0
47.2	-7.41573e-006	0
47.3	-0.000131225	0
47.4	-0.000247451	0
47.5	-0.000353615	0
47.6	-0.000447604	0
47.7	-0.00052771	0
47.8	-0.000592646	0
47.9	-0.000641563	0
48	-0.000674045	0
48.1	-0.000690096	0
48.2	-0.000690119	0
48.3	-0.000674882	0
48.4	-0.000645477	0
48.5	-0.00060328	0
48.6	-0.000549894	0
48.7	-0.0004871	0
48.8	-0.000416802	0
48.9	-0.000340973	0
49	-0.000261602	0
49.1	-0.000180647	0
49.2	-9.99867e-005	0
49.3	-2.13827e-005	0
49.4	5.35573e-005	0
49.5	0.000123407	0
49.6	0.000186946	0
49.7	0.000243171	0
49.8	0.000291312	0
49.9	0.000330827	0
50	0.0268177	0
50.1	0.0774504	0
50.2	0.143402	0
50.3	0.215537	0
50.4	0.28663	0
50.5	0.351779	0
50.6	0.408096	0
50.7	0.454223	0
50.8	0.489867	0
50.9	0.515433	0
51	0.53175	0
51.1	0.539884	0
51.2	0.541008	0
51.3	0.536316	0
51.4	0.526963	0
51.5	0.514033	0
51.6	0.498512	0
51.7	0.481278	0
51.8	0.463095	0
51.9	0.444614	0
52	0.426376	0
52.1	0.408816	0
52.2	0.392275	0
52.3	0.377008	0
52.4	0.363188	0
52.5	0.350922	0
52.6	0.340259	0
52.7	0.331196	0
52.8	0.32369	0
52.9	0.317662	0
53	0.313013	0
53.1	0.30962	0
53.2	0.307354	0
53.3	0.306076	0
53.4	0.305649	0
53.5	0.305938	0
53.6	0.306817	0
53.7	0.30817	0
53.8	0.309895	0
53.9	0.311903	0
54	0.314121	0
54.1	0.316494	0
54.2	0.318981	0
54.3	0.321557	0
54.4	0.324212	0
54.5	0.32695	0
54.6	0.329786	0
54.7	0.332749	0
54.8	0.335874	0
54.9	0.339205	0
55	0.342792	0
55.1	0.346689	0
55.2	0.350955	0
55.3	0.355648	0
55.4	0.360826	0
55.5	0.36655	0
55.6	0.372874	0
55.7	0.379851	0
55.8	0.387531	0
55.9	0.395957	0
56	0.405167	0
56.1	0.415194	0
56.2	0.426062	0
56.3	0.437785	0
56.4	0.450373	0
56.5	0.463821	0
56.6	0.478117	0
56.7	0.493236	0
56.8	0.509139	0
56.9	0.525773	0
57	0.543072	0
57.1	0.560949	0
57.2	0.579302	0
57.3	0.59801	0
57.4	0.616929	0
57.5	0.635897	0
57.6	0.65473	0
57.7	0.673226	0
57.8	0.691162	0
57.9	0.708303	0
58	0.724403	0
58.1	0.739208	0
58.2	0.752468	0
58.3	0.763945	0
58.4	0.773419	0
58.5	0.780701	0
58.6	0.785642	0
58.7	0.788147	0
58.8	0.788179	0
58.9	0.785769	0
59	0.781021	0
59.1	0.77411	0
59.2	0.765279	0
59.3	0.754832	0
59.4	0.743123	0
59.5	0.730531	0
59.6	0.717447	0
59.7	0.704243	0
59.8	0.691251	0
59.9	0.678732	0
60	0.66686	0
60.1	0.655698	0
60.2	0.645194	0
60.3	0.63518	0
60.4	0.62538	0
60.5	0.615433	0
60.6	0.604917	0
60.7	0.593382	0
60.8	0.580381	0
60.9	0.565502	0
61	0.548394	0
61.1	0.528784	0
61.2	0.506492	0
61.3	0.48144	0
61.4	0.453646	0
61.5	0.423224	0
61.6	0.390375	0
61.7	0.355371	0
61.8	0.318551	0
61.9	0.280299	0
62	0.241035	0
62.1	0.201206	0
62.2	0.161267	0
62.3	0.121678	0
62.4	0.0828883	0
62.5	0.0453331	0
62.6	0.0094225	0
62.7	-0.0244638	0
62.8	-0.0559835	0
62.9	-0.0848366	0
63	-0.110771	0
63.1	-0.133584	0
63.2	-0.153128	0
63.3	-0.169311	0
63.4	-0.182097	0
63.5	-0.191504	0
63.6	-0.197606	0
63.7	-0.200526	0
63.8	-0.200433	0
63.9	-0.197539	0
64	-0.19209	0
64.1	-0.184358	0
64.2	-0.17464	0
64.3	-0.163246	0
64.4	-0.150491	0
64.5	-0.136693	0
64.6	-0.122161	0
64.7	-0.107194	0
64.8	-0.092074	0
64.9	-0.0770601	0
65	-0.0623879	0
65.1	-0.0482655	0
65.2	-0.0348719	0
65.3	-0.0223561	0
65.4	-0.0108373	0
65.5	-0.00040471	0
65.6	0.00888079	0
65.7	0.0169853	0
65.8	0.0239	0
65.9	0.0296384	0
66	0.0342341	0
66.1	0.037738	0
66.2	0.0402154	0
66.3	0.0417429	0
66.4	0.0424062	0
66.5	0.042297	0
66.6	0.0415104	0
66.7	0.0401431	0
66.8	0.038291	0
66.9	0.0360473	0
67	0.0335013	0
67.1	0.0307366	0
67.2	0.0278308	0
67.3	0.0248548	0
67.4	0.0218702	0
67.5	0.0189315	0
67.6	0.0160853	0
67.7	0.0133702	0
67.8	0.0108171	0
67.9	0.00844955	0
68	0.00628411	0
68.1	0.00433116	0
68.2	0.00259542	0
68.3	0.00107662	0
68.4	-0.000229756	0
68.5	-0.00133185	0
68.6	-0.00224069	0
68.7	-0.00296959	0
68.8	-0.00353348	0
68.9	-0.00394842	0
69	-0.00423101	0
69.1	-0.00439799	0
69.2	-0.00446582	0
69.3	-0.00445039	0
69.4	-0.0043667	0
69.5	-0.00422868	0
69.6	-0.00404905	0
69.7	-0.00383897	0
69.8	-0.0036089	0
69.9	-0.00336722	0
70	-0.00312117	0
70.1	-0.00287667	0
70.2	-0.00263844	0
70.3	-0.00241003	0
70.4	-0.00219398	0
70.5	-0.00199195	0
70.6	-0.0018048	0
70.7	-0.00163275	0
70.8	-0.0014755	0
70.9	-0.00133232	0
71	-0.00120222	0
71.1	-0.00108396	0
71.2	-0.000976236	0
71.3	-0.000877665	0
71.4	-0.000786911	0
71.5	-0.00070271	0
71.6	-0.000623914	0
71.7	-0.000549518	0
71.8	-0.00047868	0
71.9	-0.000410727	0
72	-0.000345157	0
72.1	-0.00028163	0
72.2	-0.000219962	0
72.3	-0.000160105	0
72.4	-0.000102128	0
72.5	-4.61961e-005	0
72.6	7.45489e-006	0
72.7	5.8537e-005	0
72.8	0.000106732	0
72.9	0.000151709	0
73	0.000193148	0
73.1	0.00023075	0
73.2	0.000264256	0
73.3	0.000293453	0
73.4	0.000318188	0
73.5	0.000338368	0
73.6	0.000353964	0
73.7	0.000365015	0
73.8	0.000371623	0
73.9	0.000373951	0
74	0.000372215	0
74.1	0.000366682	0
74.2	0.000357661	0
74.3	0.000345496	0
74.4	0.000330554	0
74.5	0.000313222	0
74.6	0.000293897	0
74.7	0.000272979	0
74.8	0.000250857	0
74.9	0.000227913	0
75	-0.0261512	0
75.1	-0.0764051	0
75.2	-0.141477	0
75.3	-0.211975	0
75.4	-0.280412	0
75.5	-0.341618	0
75.6	-0.392451	0
75.7	-0.431317	0
75.8	-0.457723	0
75.9	-0.471912	0
76	-0.474607	0
76.1	-0.466822	0
76.2	-0.449739	0
76.3	-0.424614	0
76.4	-0.392719	0
76.5	-0.355295	0
76.6	-0.313526	0
76.7	-0.268514	0
76.8	-0.221267	0
76.9	-0.172694	0
77	-0.123599	0
77.1	-0.0746854	0
77.2	-0.0265551	0
77.3	0.0202818	0
77.4	0.065402	0
77.5	0.108461	0
77.6	0.149187	0
77.7	0.187367	0
77.8	0.222845	0
77.9	0.25551	0
78	0.285289	0
78.1	0.31214	0
78.2	0.336044	0
78.3	0.357002	0
78.4	0.375027	0
78.5	0.390141	0
78.6	0.402376	0
78.7	0.411767	0
78.8	0.418358	0
78.9	0.422201	0
79	0.423354	0
79.1	0.421892	0
79.2	0.417901	0
79.3	0.411486	0
79.4	0.402769	0
79.5	0.391893	0
79.6	0.379022	0
79.7	0.364339	0
79.8	0.348047	0
79.9	0.330364	0
80	0.311525	0
80.1	0.291776	0
80.2	0.271372	0
80.3	0.250572	0
80.4	0.229639	0
80.5	0.20883	0
80.6	0.1884	0
80.7	0.168593	0
80.8	0.149638	0
80.9	0.131749	0
81	0.115119	0
81.1	0.099915	0
81.2	0.0862773	0
81.3	0.0743149	0
81.4	0.0641027	0
81.5	0.0556799	0
81.6	0.0490485	0
81.7	0.0441729	0
81.8	0.0409813	0
81.9	0.0393677	0
82	0.0391951	0
82.1	0.0403004	0
82.2	0.0424997	0
82.3	0.0455948	0
82.4	0.0493791	0
82.5	0.053645	0
82.6	0.0581893	0
82.7	0.0628195	0
82.8	0.0673586	0
82.9	0.0716488	0
83	0.0755545	0
83.1	0.0789642	0
83.2	0.0817911	0
83.3	0.0839726	0
83.4	0.0854696	0
83.5	0.0862644	0
83.6	0.0863584	0
83.7	0.085769	0
83.8	0.0845269	0
83.9	0.082673	0
84	0.0802555	0
84.1	0.0773269	0
84.2	0.0739423	0
84.3	0.0701567	0
84.4	0.066024	0
84.5	0.0615956	0
84.6	0.05692	0
84.7	0.0520423	0
84.8	0.0470046	0
84.9	0.0418462	0
85	0.0366043	0
85.1	0.0313148	0
85.2	0.0260131	0
85.3	0.0207344	0
85.4	0.0155152	0
85.5	0.0103929	0
85.6	0.00540673	0
85.7	0.000597338	0
85.8	-0.00399324	0
85.9	-0.00832214	0
86	-0.0123465	0
86.1	-0.0160241	0
86.2	-0.0193151	0
86.3	-0.0221824	0
86.4	-0.0245936	0
86.5	-0.0265219	0
86.6	-0.0279472	0
86.7	-0.0288573	0
86.8	-0.0292484	0
86.9	-0.0291259	0
87	-0.0285044	0
87.1	-0.0274079	0
87.2	-0.0258691	0
87.3	-0.0239294	0
87.4	-0.0216375	0
87.5	-0.0190482	0
87.6	-0.0162216	0
87.7	-0.0132213	0
87.8	-0.0101126	0
87.9	-0.00696144	0
88	-0.00383239	0
88.1	-0.000787233	0
88.2	0.00211643	0
88.3	0.00482649	0
88.4	0.00729742	0
88.5	0.00949114	0
88.6	0.0113777	0
88.7	0.0129355	0
88.8	0.0141519	0
88.9	0.0150226	0
89	0.0155516	0
89.1	0.0157506	0
89.2	0.0156385	0
89.3	0.0152402	0
89.4	0.0145858	0
89.5	0.0137098	0
89.6	0.0126495	0
89.7	0.0114438	0
89.8	0.0101328	0
89.9	0.00875592	0
90	0.00735132	0
90.1	0.00595484	0
90.2	0.00459925	0
90.3	0.00331357	0
90.4	0.00212259	0
90.5	0.00104649	0
90.6	0.000100603	0
90.7	-0.000704562	0
90.8	-0.0013633	0
90.9	-0.00187447	0
91	-0.00224115	0
91.1	-0.00247023	0
91.2	-0.00257188	0
91.3	-0.00255899	0
91.4	-0.00244656	0
91.5	-0.00225108	0
91.6	-0.00198991	0
91.7	-0.00168067	0
91.8	-0.00134069	0
91.9	-0.000986498	0
92	-0.000633411	0
92.1	-0.000295052	0
92.2	1.68124e-005	0
92.3	0.000292517	0
92.4	0.000524654	0
92.5	0.000708103	0
92.6	0.000840001	0
92.7	0.000919639	0
92.8	0.000948309	0
92.9	0.000929086	0
93	0.000866576	0
93.1	0.000766636	0
93.2	0.000636071	0
93.3	0.000482323	0
93.4	0.000313185	0
93.5	0.00013644	0
93.6	-4.03329e-005	0
93.7	-0.000210035	0
93.8	-0.000366261	0
93.9	-0.000503472	0
94	-0.000617132	0
94.1	-0.000703793	0
94.2	-0.000761153	0
94.3	-0.000788058	0
94.4	-0.000784475	0
94.5	-0.000751425	0
94.6	-0.000690895	0
94.7	-0.000605711	0
94.8	-0.000499403	0
94.9	-0.000376051	0
95	-0.000240124	0
95.1	-9.63141e-005	0
95.2	5.06207e-005	0
95.3	0.000196014	0
95.4	0.000335431	0
95.5	0.000464795	0
95.6	0.000580495	0
95.7	0.000679474	0
95.8	0.000759293	0
95.9	0.000818176	0
96	0.00085503	0
96.1	0.000869442	0
96.2	0.000861663	0
96.3	0.00083256	0
96.4	0.000783571	0
96.5	0.000716628	0
96.6	0.00063408	0
96.7	0.000538607	0
96.8	0.000433128	0
96.9	0.000320706	0
97	0.000204459	0
97.1	8.74689e-005	0
97.2	-2.7301e-005	0
97.3	-0.000137079	0
97.4	-0.000239349	0
97.5	-0.000331909	0
97.6	-0.000412906	0
97.7	-0.000480874	0
97.8	-0.000534747	0
97.9	-0.000573866	0
98	-0.000597973	0
98.1	-0.000607201	0
98.2	-0.000602039	0
98.3	-0.00058331	0
98.4	-0.000552121	0
98.5	-0.000509827	0
98.6	-0.000457977	0
98.7	-0.000398267	0
98.8	-0.000332484	0
98.9	-0.000262463	0
99	-0.000190031	0
99.1	-0.000116969	0
99.2	-4.49671e-005	0
99.3	2.44111e-005	0
99.4	8.97571e-005	0
99.5	0.000149843	0
99.6	0.000203639	0
99.7	0.000250326	0
99.8	0.000289301	0
99.9	0.000320178	0
100	0.00034278	0
100.1	0.0268134	0
100.2	0.077431	0
100.3	0.143369	0
100.4	0.215491	0
100.5	0.286575	0
100.6	0.351715	0
100.7	0.408025	0
100.8	0.454148	0
100.9	0.489789	0
101	0.515354	0
101.1	0.531672	0
101.2	0.539808	0
101.3	0.540936	0
101.4	0.536248	0
101.5	0.5269	0
101.6	0.513976	0
101.7	0.498461	0
101.8	0.481234	0
101.9	0.463058	0
102	0.444584	0
102.1	0.426352	0
102.2	0.408798	0
102.3	0.392264	0
102.4	0.377002	0
102.5	0.363187	0
102.6	0.350927	0
102.7	0.340268	0
102.8	0.331209	0
102.9	0.323705	0
103	0.317681	0
103.1	0.313033	0
103.2	0.309643	0
103.3	0.307377	0
103.4	0.3061	0
103.5	0.305673	0
103.6	0.305962	0
103.7	0.306841	0
103.8	0.308194	0
103.9	0.309918	0
104	0.311925	0
104.1	0.314143	0
104.2	0.316514	0
104.3	0.319	0
104.4	0.321575	0
104.5	0.324229	0
104.6	0.326966	0
104.7	0.329802	0
104.8	0.332764	0
104.9	0.335888	0
105	0.339219	0
105.1	0.342806	0
105.2	0.346703	0
105.3	0.350969	0
105.4	0.355662	0
105.5	0.360841	0
105.6	0.366565	0
105.7	0.37289	0
105.8	0.379868	0
105.9	0.387549	0
106	0.395977	0
106.1	0.405189	0
106.2	0.415217	0
106.3	0.426086	0
106.4	0.437811	0
106.5	0.4504	0
106.6	0.46385	0
106.7	0.478148	0
106.8	0.493268	0
106.9	0.509172	0
107	0.525808	0
107.1	0.543108	0
107.2	0.560987	0
107.3	0.579341	0
107.4	0.598049	0
107.5	0.616969	0
107.6	0.635937	0
107.7	0.65477	0
107.8	0.673265	0
107.9	0.6912	0
108	0.70834	0
108.1	0.724437	0
108.2	0.73924	0
108.3	0.752498	0
108.4	0.763971	0
108.5	0.773441	0
108.6	0.780719	0
108.7	0.785656	0
108.8	0.788157	0
108.9	0.788184	0
109	0.78577	0
109.1	0.781017	0
109.2	0.774102	0
109.3	0.765267	0
109.4	0.754818	0
109.5	0.743106	0
109.6	0.730513	0
109.7	0.717427	0
109.8	0.704223	0
109.9	0.691231	0
110	0.678713	0
110.1	0.666841	0
110.2	0.65568	0
110.3	0.645177	0
110.4	0.635163	0
110.5	0.625363	0
110.6	0.615415	0
110.7	0.604898	0
110.8	0.59336	0
110.9	0.580357	0
111	0.565475	0
111.1	0.548363	0
111.2	0.528748	0
111.3	0.506452	0
111.4	0.481395	0
111.5	0.453596	0
111.6	0.423171	0
111.7	0.390317	0
111.8	0.355311	0
111.9	0.318488	0
112	0.280233	0
112.1	0.240969	0
112.2	0.201139	0
112.3	0.1612	0
112.4	0.121612	0
112.5	0.082824	0
112.6	0.0452711	0
112.7	0.00936366	0
112.8	-0.024519	0
112.9	-0.0560345	0
113	-0.084883	0
113.1	-0.110812	0
113.2	-0.13362	0
113.3	-0.153159	0
113.4	-0.169336	0
113.5	-0.182116	0
113.6	-0.191518	0
113.7	-0.197614	0
113.8	-0.200529	0
113.9	-0.200432	0
114	-0.197533	0
114.1	-0.192079	0
114.2	-0.184344	0
114.3	-0.174624	0
114.4	-0.163227	0
114.5	-0.15047	0
114.6	-0.13667	0
114.7	-0.122137	0
114.8	-0.10717	0
114.9	-0.09205	0
115	-0.0770366	0
115.1	-0.0623652	0
115.2	-0.0482438	0
115.3	-0.0348516	0
115.4	-0.0223375	0
115.5	-0.0108204	0
115.6	-0.000389741	0
115.7	0.00889376	0
115.8	0.0169963	0
115.9	0.0239089	0
116	0.0296453	0
116.1	0.0342391	0
116.2	0.0377412	0
116.3	0.0402169	0
116.4	0.0417429	0
116.5	0.0424048	0
116.6	0.0422943	0
116.7	0.0415067	0
116.8	0.0401385	0
116.9	0.0382856	0
117	0.0360414	0
117.1	0.0334948	0
117.2	0.0307299	0
117.3	0.0278248	0
117.4	0.0248486	0
117.5	0.0218638	0
117.6	0.018925	0
117.7	0.016079	0
117.8	0.0133641	0
117.9	0.0108113	0
118	0.00844408	0
118.1	0.00627898	0
118.2	0.00432637	0
118.3	0.00259096	0
118.4	0.0010725	0
118.5	-0.00023356	0
118.6	-0.00133535	0
118.7	-0.0022439	0
118.8	-0.00297252	0
118.9	-0.00353617	0
119	-0.00395088	0
119.1	-0.00423326	0
119.2	-0.00440006	0
119.3	-0.00446773	0
119.4	-0.00445217	0
119.5	-0.00436836	0
119.6	-0.00423026	0
119.7	-0.00405056	0
119.8	-0.00384065	0
119.9	-0.00361053	0
120	-0.00336881	0
120.1	-0.00312273	0
120.2	-0.00287822	0
120.3	-0.00263998	0
120.4	-0.00241157	0
120.5	-0.00219553	0
120.6	-0.00199352	0
120.7	-0.00180638	0
120.8	-0.00163435	0
120.9	-0.00147712	0
121	-0.00133396	0
121.1	-0.00120388	0
121.2	-0.00108565	0
121.3	-0.000977936	0
121.4	-0.000879382	0
121.5	-0.000788644	0
121.6	-0.000704457	0
121.7	-0.000625674	0
121.8	-0.00055129	0
121.9	-0.000480461	0
122	-0.000412514	0
122.1	-0.000346948	0
122.2	-0.000283425	0
122.3	-0.000221761	0
122.4	-0.000161909	0
122.5	-0.000103937	0
122.6	-4.80059e-005	0
122.7	5.64702e-006	0
122.8	5.67331e-005	0
122.9	0.000104933	0
123	0.000149915	0
123.1	0.00019136	0
123.2	0.000228967	0
123.3	0.000262478	0
123.4	0.000291681	0
123.5	0.000316422	0
123.6	0.000336606	0
123.7	0.000352208	0
123.8	0.000363264	0
123.9	0.000369878	0
124	0.000372211	0
124.1	0.00037048	0
124.2	0.000364954	0
124.3	0.00035594	0
124.4	0.000343781	0
124.5	0.000328846	0
124.6	0.000311522	0
124.7	0.000292205	0
124.8	0.000271294	0
124.9	0.00024918	0
125	0.000226242	0
125.1	-0.0261529	0
125.2	-0.0764068	0
125.3	-0.141478	0
125.4	-0.211977	0
125.5	-0.280413	0
125.6	-0.341619	0
125.7	-0.392452	0
125.8	-0.431319	0
125.9	-0.457725	0
126	-0.471914	0
126.1	-0.474609	0
126.2	-0.466825	0
126.3	-0.449742	0
126.4	-0.424617	0
126.5	-0.392723	0
126.6	-0.3553	0
126.7	-0.313531	0
126.8	-0.26852	0
126.9	-0.221275	0
127	-0.172703	0
127.1	-0.12361	0
127.2	-0.0746972	0
127.3	-0.0265686	0
127.4	0.0202664	0
127.5	0.0653847	0
127.6	0.108442	0
127.7	0.149165	0
127.8	0.187343	0
127.9	0.222819	0
128	0.255482	0
128.1	0.285259	0
128.2	0.312108	0
128.3	0.336011	0
128.4	0.356967	0
128.5	0.374991	0
128.6	0.390105	0
128.7	0.402339	0
128.8	0.41173	0
128.9	0.418322	0
129	0.422166	0
129.1	0.423321	0
129.2	0.421861	0
129.3	0.417873	0
129.4	0.41146	0
129.5	0.402747	0
129.6	0.391874	0
129.7	0.379007	0
129.8	0.364327	0
129.9	0.348038	0
130	0.330358	0
130.1	0.311521	0
130.2	0.291774	0
130.3	0.271371	0
130.4	0.250572	0
130.5	0.229639	0
130.6	0.208829	0
130.7	0.188397	0
130.8	0.168587	0
130.9	0.149628	0
131	0.131735	0
131.1	0.115099	0
131.2	0.0998889	0
131.3	0.0862444	0
131.4	0.0742745	0
131.5	0.0640546	0
131.6	0.055624	0
131.7	0.0489849	0
131.8	0.0441021	0
131.9	0.0409039	0
132	0.0392846	0
132.1	0.0391075	0
132.2	0.0402095	0
132.3	0.0424071	0
132.4	0.0455019	0
132.5	0.0492876	0
132.6	0.0535563	0
132.7	0.0581049	0
132.8	0.0627407	0
132.9	0.0672865	0
133	0.0715843	0
133.1	0.0754984	0
133.2	0.0789169	0
133.3	0.0817529	0
133.4	0.0839437	0
133.5	0.08545	0
133.6	0.0862539	0
133.7	0.0863568	0
133.8	0.085776	0
133.9	0.0845421	0
134	0.0826962	0
134.1	0.0802862	0
134.2	0.077365	0
134.3	0.0739874	0
134.4	0.0702086	0
134.5	0.0660825	0
134.6	0.0616604	0
134.7	0.0569909	0
134.8	0.0521189	0
134.9	0.0470866	0
135	0.041933	0
135.1	0.0366955	0
135.2	0.0314095	0
135.3	0.0261103	0
135.4	0.0208332	0
135.5	0.0156142	0
135.6	0.0104909	0
135.7	0.00550211	0
135.8	0.000688572	0
135.9	-0.00390777	0
136	-0.00824406	0
136.1	-0.0122773	0
136.2	-0.0159654	0
136.3	-0.019268	0
136.4	-0.0221481	0
136.5	-0.0245729	0
136.6	-0.0265153	0
136.7	-0.0279549	0
136.8	-0.028879	0
136.9	-0.0292837	0
137	-0.0291738	0
137.1	-0.0285636	0
137.2	-0.0274768	0
137.3	-0.025946	0
137.4	-0.0240122	0
137.5	-0.0217239	0
137.6	-0.019136	0
137.7	-0.0163085	0
137.8	-0.0133049	0
137.9	-0.0101908	0
138	-0.0070323	0
138.1	-0.00389418	0
138.2	-0.000838555	0
138.3	0.00207664	0
138.4	0.00479892	0
138.5	0.00728236	0
138.6	0.00948848	0
138.7	0.0113869	0
138.8	0.0129558	0
138.9	0.014182	0
139	0.015061	0
139.1	0.0155966	0
139.2	0.0158003	0
139.3	0.0156908	0
139.4	0.0152931	0
139.5	0.0146374	0
139.6	0.0137581	0
139.7	0.0126927	0
139.8	0.0114805	0
139.9	0.0101617	0
140	0.00877613	0
140.1	0.00736227	0
140.2	0.00595634	0
140.3	0.00459148	0
140.4	0.00329706	0
140.5	0.00209822	0
140.6	0.00101542	0
140.7	6.4297e-005	0
140.8	-0.000744464	0
140.9	-0.001405	0
141	-0.00191608	0
141.1	-0.00228078	0
141.2	-0.00250603	0
141.3	-0.00260212	0
141.4	-0.00258211	0
141.5	-0.00246124	0
141.6	-0.00225629	0
141.7	-0.00198491	0
141.8	-0.00166509	0
141.9	-0.0013145	0
142	-0.000950031	0
142.1	-0.000587324	0
142.2	-0.000240377	0
142.3	7.87773e-005	0
142.4	0.000360239	0
142.5	0.000596366	0
142.6	0.000781917	0
142.7	0.000913951	0
142.8	0.000991749	0
142.9	0.00101666	0
143	0.000991871	0
143.1	0.000922174	0
143.2	0.000813657	0
143.3	0.000673406	0
143.4	0.000509183	0
143.5	0.000329128	0
143.6	0.000141388	0
143.7	-4.60872e-005	0
143.8	-0.000225838	0
143.9	-0.000391115	0
144	-0.000536061	0
144.1	-0.000655861	0
144.2	-0.000746836	0
144.3	-0.000806503	0
144.4	-0.000833588	0
144.5	-0.000828002	0
144.6	-0.000790775	0
144.7	-0.000723965	0
144.8	-0.000630533	0
144.9	-0.000514201	0
145	-0.000379297	0
145.1	-0.00023058	0
145.2	-7.30719e-005	0
145.3	8.81122e-005	0
145.4	0.000247931	0
145.5	0.000401565	0
145.6	0.000544559	0
145.7	0.000672934	0
145.8	0.000783289	0
145.9	0.000872872	0
146	0.000939636	0
146.1	0.000982259	0
146.2	0.00100016	0
146.3	0.000993465	0
146.4	0.000962989	0
146.5	0.000910169	0
146.6	0.000836996	0
146.7	0.000745938	0
146.8	0.000639843	0
146.9	0.000521848	0
147	0.000395276	0
147.1	0.000263539	0
147.2	0.000130041	0
147.3	-1.91175e-006	0
147.4	-0.000129197	0
147.5	-0.000248945	0
147.6	-0.000358606	0
147.7	-0.000455996	0
147.8	-0.000539337	0
147.9	-0.000607281	0
148	-0.000658922	0
148.1	-0.000693795	0
148.2	-0.000711865	0
148.3	-0.000713502	0
148.4	-0.000699453	0
148.5	-0.0006708	0
148.6	-0.000628915	0
148.7	-0.000575409	0
148.8	-0.000512079	0
148.9	-0.000440853	0
149	-0.000363737	0
149.1	-0.000282757	0
149.2	-0.000199915	0
149.3	-0.000117137	0
149.4	-3.62337e-005	0
149.5	4.11349e-005	0
149.6	0.000113491	0
149.7	0.000179562	0
149.8	0.000238297	0
149.9	0.000288878	0
150	0.000330722	0
150.1	0.0268197	0
150.2	0.0774544	0
150.3	0.143408	0
150.4	0.215544	0
150.5	0.286639	0
150.6	0.351788	0
150.7	0.408106	0
150.8	0.454233	0
150.9	0.489877	0
151	0.515443	0
151.1	0.531759	0
151.2	0.539893	0
151.3	0.541016	0
151.4	0.536323	0
151.5	0.526969	0
151.6	0.514038	0
151.7	0.498515	0
151.8	0.48128	0
151.9	0.463096	0
152	0.444613	0
152.1	0.426373	0
152.2	0.408812	0
152.3	0.392271	0
152.4	0.377002	0
152.5	0.363181	0
152.6	0.350914	0
152.7	0.34025	0
152.8	0.331186	0
152.9	0.323678	0
153	0.31765	0
153.1	0.312999	0
153.2	0.309606	0
153.3	0.307339	0
153.4	0.30606	0
153.5	0.305632	0
153.6	0.305921	0
153.7	0.306799	0
153.8	0.308151	0
153.9	0.309876	0
154	0.311883	0
154.1	0.314101	0
154.2	0.316473	0
154.3	0.318959	0
154.4	0.321534	0
154.5	0.324188	0
154.6	0.326925	0
154.7	0.329761	0
154.8	0.332723	0
154.9	0.335847	0
155	0.339176	0
155.1	0.342762	0
155.2	0.346658	0
155.3	0.350922	0
155.4	0.355613	0
155.5	0.36079	0
155.6	0.366512	0
155.7	0.372834	0
155.8	0.379809	0
155.9	0.387487	0
156	0.395911	0
156.1	0.405119	0
156.2	0.415144	0
156.3	0.426009	0
156.4	0.43773	0
156.5	0.450315	0
156.6	0.463761	0
156.7	0.478055	0
156.8	0.493171	0
156.9	0.509072	0
157	0.525704	0
157.1	0.543001	0
157.2	0.560877	0
157.3	0.579229	0
157.4	0.597936	0
157.5	0.616854	0
157.6	0.635822	0
157.7	0.654656	0
157.8	0.673153	0
157.9	0.691092	0
158	0.708236	0
158.1	0.724339	0
158.2	0.739148	0
158.3	0.752414	0
158.4	0.763898	0
158.5	0.773379	0
158.6	0.780668	0
158.7	0.785617	0
158.8	0.788131	0
158.9	0.788171	0
159	0.78577	0
159.1	0.78103	0
159.2	0.774126	0
159.3	0.765301	0
159.4	0.75486	0
159.5	0.743155	0
159.6	0.730566	0
159.7	0.717484	0
159.8	0.704281	0
159.9	0.691288	0
160	0.678768	0
160.1	0.666894	0
160.2	0.65573	0
160.3	0.645225	0
160.4	0.63521	0
160.5	0.62541	0
160.6	0.615465	0
160.7	0.604952	0
160.8	0.593421	0
160.9	0.580426	0
161	0.565554	0
161.1	0.548454	0
161.2	0.528852	0
161.3	0.50657	0
161.4	0.481526	0
161.5	0.453741	0
161.6	0.423328	0
161.7	0.390485	0
161.8	0.355489	0
161.9	0.318674	0
162	0.280425	0
162.1	0.241164	0
162.2	0.201336	0
162.3	0.161397	0
162.4	0.121805	0
162.5	0.0830121	0
162.6	0.0454519	0
162.7	0.0095352	0
162.8	-0.0243585	0
162.9	-0.0558866	0
163	-0.0847491	0
163.1	-0.110693	0
163.2	-0.133517	0
163.3	-0.153072	0
163.4	-0.169266	0
163.5	-0.182063	0
163.6	-0.191481	0
163.7	-0.197594	0
163.8	-0.200524	0
163.9	-0.200441	0
164	-0.197556	0
164.1	-0.192114	0
164.2	-0.18439	0
164.3	-0.174678	0
164.4	-0.163288	0
164.5	-0.150537	0
164.6	-0.136742	0
164.7	-0.122212	0
164.8	-0.107246	0
164.9	-0.0921253	0
165	-0.0771105	0
165.1	-0.0624366	0
165.2	-0.0483119	0
165.3	-0.0349154	0
165.4	-0.0223964	0
165.5	-0.0108739	0
165.6	-0.000437458	0
165.7	0.00885207	0
165.8	0.0169607	0
165.9	0.0238794	0
166	0.0296218	0
166.1	0.0342214	0
166.2	0.0377289	0
166.3	0.0402097	0
166.4	0.0417403	0
166.5	0.0424064	0
166.6	0.0422996	0
166.7	0.0415152	0
166.8	0.0401498	0
166.9	0.0382991	0
167	0.0360566	0
167.1	0.0335113	0
167.2	0.0307485	0
167.3	0.0278437	0
167.4	0.0248675	0
167.5	0.0218823	0
167.6	0.018943	0
167.7	0.0160961	0
167.8	0.0133803	0
167.9	0.0108264	0
168	0.00845794	0
168.1	0.00629153	0
168.2	0.00433759	0
168.3	0.00260084	0
168.4	0.00108105	0
168.5	-0.000226294	0
168.6	-0.00132931	0
168.7	-0.00223901	0
168.8	-0.0029687	0
168.9	-0.00353331	0
169	-0.00394889	0
169.1	-0.00423205	0
169.2	-0.00439951	0
169.3	-0.00446777	0
169.4	-0.00445268	0
169.5	-0.00436927	0
169.6	-0.00423147	0
169.7	-0.004052	0
169.8	-0.00384226	0
169.9	-0.00361224	0
170	-0.00337058	0
170.1	-0.0031245	0
170.2	-0.00287997	0
170.3	-0.00264167	0
170.4	-0.00241317	0
170.5	-0.00219704	0
170.6	-0.0019949	0
170.7	-0.00180764	0
170.8	-0.00163548	0
170.9	-0.00147812	0
171	-0.00133483	0
171.1	-0.00120462	0
171.2	-0.00108626	0
171.3	-0.000978427	0
171.4	-0.000879759	0
171.5	-0.000788913	0
171.6	-0.000704627	0
171.7	-0.000625752	0
171.8	-0.000551282	0
171.9	-0.000480373	0
172	-0.000412351	0
172.1	-0.000346712	0
172.2	-0.00028312	0
172.3	-0.000221389	0
172.4	-0.000161473	0
172.5	-0.000103438	0
172.6	-4.74466e-005	0
172.7	6.26475e-006	0
172.8	5.74071e-005	0
172.9	0.000105661	0
173	0.000150695	0
173.1	0.000192188	0
173.2	0.000229842	0
173.3	0.000263397	0
173.4	0.00029264	0
173.5	0.000317417	0
173.6	0.000337635	0
173.7	0.000353266	0
173.8	0.000364348	0
173.9	0.000370983	0
174	0.000373333	0
174.1	0.000371615	0
174.2	0.000366095	0
174.3	0.000357083	0
174.4	0.000344922	0
174.5	0.000329982	0
174.6	0.000312652	0
174.7	0.000293329	0
174.8	0.000272412	0
174.9	0.00025029	0
175	0.000227343	0
175.1	-0.0261518	0
175.2	-0.0764058	0
175.3	-0.141477	0
175.4	-0.211976	0
175.5	-0.280412	0
175.6	-0.341618	0
175.7	-0.392451	0
175.8	-0.431318	0
175.9	-0.457724	0
176	-0.471913	0
176.1	-0.474608	0
176.2	-0.466825	0
176.3	-0.449743	0
176.4	-0.424619	0
176.5	-0.392725	0
176.6	-0.355303	0
176.7	-0.313535	0
176.8	-0.268525	0
176.9	-0.221281	0
177	-0.172711	0
177.1	-0.12362	0
177.2	-0.0747089	0
177.3	-0.0265823	0
177.4	0.0202507	0
177.5	0.0653668	0
177.6	0.108422	0
177.7	0.149143	0
177.8	0.187319	0
177.9	0.222792	0
178	0.255453	0
178.1	0.285228	0
178.2	0.312075	0
178.3	0.335977	0
178.4	0.356932	0
178.5	0.374954	0
178.6	0.390068	0
178.7	0.402302	0
178.8	0.411694	0
178.9	0.418287	0
179	0.422132	0
179.1	0.42329	0
179.2	0.421833	0
179.3	0.417848	0
179.4	0.411439	0
179.5	0.402729	0
179.6	0.391861	0
179.7	0.378997	0
179.8	0.364322	0
179.9	0.348036	0
180	0.33036	0
180.1	0.311526	0
180.2	0.291782	0
180.3	0.271381	0
180.4	0.250584	0
180.5	0.22965	0
180.6	0.20884	0
180.7	0.188407	0
180.8	0.168595	0
180.9	0.149633	0
181	0.131736	0
181.1	0.115096	0
181.2	0.0998799	0
181.3	0.0862294	0
181.4	0.0742531	0
181.5	0.0640266	0
181.6	0.0555892	0
181.7	0.0489434	0
181.8	0.0440543	0
181.9	0.0408505	0
182	0.0392262	0
182.1	0.0390451	0
182.2	0.0401444	0
182.3	0.0423405	0
182.4	0.045435	0
182.5	0.0492218	0
182.6	0.0534929	0
182.7	0.0580451	0
182.8	0.0626856	0
182.9	0.0672371	0
183	0.0715413	0
183.1	0.0754624	0
183.2	0.0788884	0
183.3	0.0817321	0
183.4	0.0839308	0
183.5	0.0854448	0
183.6	0.0862563	0
183.7	0.0863665	0
183.8	0.0857927	0
183.9	0.0845655	0
184	0.0827257	0
184.1	0.0803216	0
184.2	0.0774058	0
184.3	0.0740333	0
184.4	0.0702593	0
184.5	0.0661377	0
184.6	0.0617198	0
184.7	0.0570541	0
184.8	0.0521857	0
184.9	0.0471566	0
185	0.0420059	0
185.1	0.0367706	0
185.2	0.0314865	0
185.3	0.0261885	0
185.4	0.0209118	0
185.5	0.0156925	0
185.6	0.0105678	0
185.7	0.00557677	0
185.8	0.000759897	0
185.9	-0.00384087	0
186	-0.00818267	0
186.1	-0.0122225	0
186.2	-0.0159181	0
186.3	-0.0192292	0
186.4	-0.0221184	0
186.5	-0.024553	0
186.6	-0.0265055	0
186.7	-0.0279554	0
186.8	-0.0288899	0
186.9	-0.0293044	0
187	-0.0292039	0
187.1	-0.0286023	0
187.2	-0.0275231	0
187.3	-0.0259987	0
187.4	-0.0240699	0
187.5	-0.0217852	0
187.6	-0.0191993	0
187.7	-0.0163722	0
187.8	-0.0133675	0
187.9	-0.0102508	0
188	-0.00708835	0
188.1	-0.00394502	0
188.2	-0.000883144	0
188.3	0.00203912	0
188.4	0.00476906	0
188.5	0.00726049	0
188.6	0.00947466	0
188.7	0.011381	0
188.8	0.0129573	0
188.9	0.0141903	0
189	0.0150752	0
189.1	0.0156156	0
189.2	0.0158231	0
189.3	0.0157161	0
189.4	0.0153196	0
189.5	0.0146639	0
189.6	0.0137833	0
189.7	0.0127155	0
189.8	0.0114999	0
189.9	0.0101768	0
190	0.00878637	0
190.1	0.0073672	0
190.2	0.00595575	0
190.3	0.00458539	0
190.4	0.00328575	0
190.5	0.00208214	0
190.6	0.000995257	0
190.7	4.08744e-005	0
190.8	-0.000770166	0
190.9	-0.00143191	0
191	-0.00194306	0
191.1	-0.00230666	0
191.2	-0.00252969	0
191.3	-0.00262249	0
191.4	-0.00259823	0
191.5	-0.0024723	0
191.6	-0.00226163	0
191.7	-0.00198409	0
191.8	-0.00165787	0
191.9	-0.00130087	0
192	-0.000930206	0
192.1	-0.000561741	0
192.2	-0.000209676	0
192.3	0.000113754	0
192.4	0.000398494	0
192.5	0.000636809	0
192.6	0.0008233	0
192.7	0.000955013	0
192.8	0.00103123	0
192.9	0.00105332	0
193	0.00102457	0
193.1	0.000949874	0
193.2	0.000835487	0
193.3	0.00068868	0
193.4	0.000517431	0
193.5	0.000330095	0
193.6	0.000135099	0
193.7	-5.93656e-005	0
193.8	-0.000245594	0
193.9	-0.000416599	0
194	-0.000566305	0
194.1	-0.000689701	0
194.2	-0.000782948	0
194.3	-0.000843436	0
194.4	-0.000869806	0
194.5	-0.000861926	0
194.6	-0.000820829	0
194.7	-0.000748621	0
194.8	-0.000648355	0
194.9	-0.000523889	0
195	-0.000379722	0
195.1	-0.000220821	0
195.2	-5.24429e-005	0
195.3	0.000120041	0
195.4	0.000291317	0
195.5	0.000456287	0
195.6	0.000610212	0
195.7	0.000748841	0
195.8	0.000868512	0
195.9	0.000966234	0
196	0.00103975	0
196.1	0.00108755	0
196.2	0.00110891	0
196.3	0.00110386	0
196.4	0.00107315	0
196.5	0.00101819	0
196.6	0.000940999	0
196.7	0.000844116	0
196.8	0.000730495	0
196.9	0.000603418	0
197	0.000466388	0
197.1	0.000323024	0
197.2	0.000176963	0
197.3	3.17597e-005	0
197.4	-0.000109201	0
197.5	-0.000242784	0
197.6	-0.00036617	0
197.7	-0.000476918	0
197.8	-0.000573001	0
197.9	-0.000652843	0
198	-0.000715331	0
198.1	-0.000759819	0
198.2	-0.000786121	0
198.3	-0.00079449	0
198.4	-0.000785589	0
198.5	-0.00076045	0
198.6	-0.000720429	0
198.7	-0.000667157	0
198.8	-0.000602483	0
198.9	-0.000528415	0
199	-0.000447068	0
199.1	-0.000360601	0
199.2	-0.000271167	0
199.3	-0.00018086	0
199.4	-9.16727e-005	0
199.5	-5.45008e-006	0
199.6	7.61394e-005	0
199.7	0.000151634	0
199.8	0.0002198	0
199.9	0.000279643	0
200	0.000330418	0
200.1	0.0268279	0
200.2	0.0774703	0
200.3	0.143431	0
200.4	0.215573	0
200.5	0.286673	0
200.6	0.351826	0
200.7	0.408147	0
200.8	0.454276	0
200.9	0.489922	0
201	0.515487	0
201.1	0.531803	0
201.2	0.539935	0
201.3	0.541056	0
201.4	0.53636	0
201.5	0.527004	0
201.6	0.514069	0
201.7	0.498543	0
201.8	0.481304	0
201.9	0.463116	0
