#V(JJ4 - output)
0	0.118833	0
0.1	0.223351	0
0.2	0.313221	0
0.3	0.38846	0
0.4	0.449371	0
0.5	0.496494	0
0.6	0.530573	0
0.7	0.55252	0
0.8	0.563384	0
0.9	0.564308	0
1	0.556497	0
1.1	0.541175	0
1.2	0.51955	0
1.3	0.49279	0
1.4	0.461993	0
1.5	0.42817	0
1.6	0.392238	0
1.7	0.35501	0
1.8	0.317198	0
1.9	0.279411	0
2	0.242169	0
2.1	0.205902	0
2.2	0.170966	0
2.3	0.137646	0
2.4	0.106168	0
2.5	0.0767055	0
2.6	0.0493858	0
2.7	0.0242975	0
2.8	0.00149503	0
2.9	-0.0189968	0
3	-0.0371794	0
3.1	-0.0530773	0
3.2	-0.0667353	0
3.3	-0.0782168	0
3.4	-0.0876017	0
3.5	-0.0949844	0
3.6	-0.100472	0
3.7	-0.104184	0
3.8	-0.106249	0
3.9	-0.106801	0
4	-0.105982	0
4.1	-0.103938	0
4.2	-0.100817	0
4.3	-0.096765	0
4.4	-0.091928	0
4.5	-0.0864478	0
4.6	-0.0804609	0
4.7	-0.0740973	0
4.8	-0.067479	0
4.9	-0.060719	0
5	-0.0539207	0
5.1	-0.0471771	0
5.2	-0.0405706	0
5.3	-0.0341727	0
5.4	-0.0280443	0
5.5	-0.022236	0
5.6	-0.0167882	0
5.7	-0.011732	0
5.8	-0.00708943	0
5.9	-0.00287454	0
6	0.000906003	0
6.1	0.00425214	0
6.2	0.00716958	0
6.3	0.00966902	0
6.4	0.0117654	0
6.5	0.0134772	0
6.6	0.0148257	0
6.7	0.0158343	0
6.8	0.0165282	0
6.9	0.0169335	0
7	0.0170773	0
7.1	0.0169864	0
7.2	0.016688	0
7.3	0.0162086	0
7.4	0.0155739	0
7.5	0.014809	0
7.6	0.0139377	0
7.7	0.0129826	0
7.8	0.0119648	0
7.9	0.0109042	0
8	0.00981882	0
8.1	0.00872542	0
8.2	0.00763894	0
8.3	0.00657277	0
8.4	0.00553867	0
8.5	0.00454679	0
8.6	0.0036057	0
8.7	0.00272246	0
8.8	0.00190267	0
8.9	0.0011505	0
9	0.000468836	0
9.1	-0.000140708	0
9.2	-0.000677643	0
9.3	-0.00114253	0
9.4	-0.00153686	0
9.5	-0.00186297	0
9.6	-0.00212392	0
9.7	-0.00232335	0
9.8	-0.00246544	0
9.9	-0.00255472	0
10	-0.00259604	0
10.1	-0.00259442	0
10.2	-0.00255496	0
10.3	-0.00248279	0
10.4	-0.00238293	0
10.5	-0.0022603	0
10.6	-0.00211955	0
10.7	-0.00196513	0
10.8	-0.00180114	0
10.9	-0.00163136	0
11	-0.00145921	0
11.1	-0.00128773	0
11.2	-0.00111958	0
11.3	-0.000957005	0
11.4	-0.000801906	0
11.5	-0.000655801	0
11.6	-0.000519863	0
11.7	-0.000394938	0
11.8	-0.000281574	0
11.9	-0.000180045	0
12	-9.03832e-005	0
12.1	-1.24106e-005	0
12.2	5.42329e-005	0
12.3	0.000110057	0
12.4	0.000155691	0
12.5	0.000191859	0
12.6	0.000219351	0
12.7	0.000238999	0
12.8	0.000251658	0
12.9	0.000258182	0
13	0.000259414	0
13.1	0.000256167	0
13.2	0.000249215	0
13.3	0.000239282	0
13.4	0.000227037	0
13.5	0.00021309	0
13.6	0.000197985	0
13.7	0.000182205	0
13.8	0.000166166	0
13.9	0.000150224	0
14	0.000134673	0
14.1	0.000119752	0
14.2	0.000105645	0
14.3	9.24908e-005	0
14.4	8.03797e-005	0
14.5	6.93754e-005	0
14.6	5.94957e-005	0
14.7	5.07342e-005	0
14.8	4.30605e-005	0
14.9	3.64247e-005	0
15	3.07616e-005	0
15.1	2.59946e-005	0
15.2	2.20392e-005	0
15.3	1.88061e-005	0
15.4	1.6204e-005	0
15.5	1.41419e-005	0
15.6	1.25311e-005	0
15.7	1.12873e-005	0
15.8	1.03313e-005	0
15.9	9.59041e-006	0
16	8.9994e-006	0
16.1	8.50059e-006	0
16.2	8.04438e-006	0
16.3	7.58923e-006	0
16.4	7.10162e-006	0
16.5	6.55571e-006	0
16.6	5.93298e-006	0
16.7	5.22186e-006	0
16.8	4.41668e-006	0
16.9	3.51754e-006	0
17	2.5294e-006	0
17.1	1.46141e-006	0
17.2	3.26122e-007	0
17.3	-8.61222e-007	0
17.4	-2.08341e-006	0
17.5	-3.32193e-006	0
17.6	-4.55761e-006	0
17.7	-5.77122e-006	0
17.8	-6.94397e-006	0
17.9	-8.05803e-006	0
18	-9.09691e-006	0
18.1	-1.00458e-005	0
18.2	-1.0892e-005	0
18.3	-1.16246e-005	0
18.4	-1.22355e-005	0
18.5	-1.27186e-005	0
18.6	-1.30703e-005	0
18.7	-1.32895e-005	0
18.8	-1.33771e-005	0
18.9	-1.33364e-005	0
19	-1.31723e-005	0
19.1	-1.28918e-005	0
19.2	-1.25032e-005	0
19.3	-1.20161e-005	0
19.4	-1.14412e-005	0
19.5	-1.07898e-005	0
19.6	-1.0074e-005	0
19.7	-9.30577e-006	0
19.8	-8.49746e-006	0
19.9	-7.66104e-006	0
20	-6.80819e-006	0
20.1	-5.95e-006	0
20.2	-5.09691e-006	0
20.3	-4.25853e-006	0
20.4	-3.44355e-006	0
20.5	-2.65974e-006	0
20.6	-1.9138e-006	0
20.7	-1.21143e-006	0
20.8	-5.57308e-007	0
20.9	4.49291e-008	0
21	5.92597e-007	0
21.1	1.08394e-006	0
21.2	1.51806e-006	0
21.3	1.89485e-006	0
21.4	2.21491e-006	0
21.5	2.47947e-006	0
21.6	2.69031e-006	0
21.7	2.84964e-006	0
21.8	2.9601e-006	0
21.9	3.02464e-006	0
22	3.04646e-006	0
22.1	3.02894e-006	0
22.2	2.97551e-006	0
22.3	2.88968e-006	0
22.4	2.77495e-006	0
22.5	2.63483e-006	0
22.6	2.47276e-006	0
22.7	2.29209e-006	0
22.8	2.09609e-006	0
22.9	1.88788e-006	0
23	1.67046e-006	0
23.1	1.44668e-006	0
23.2	1.21925e-006	0
23.3	9.90687e-007	0
23.4	7.63366e-007	0
23.5	5.39486e-007	0
23.6	3.21073e-007	0
23.7	1.09983e-007	0
23.8	-9.21073e-008	0
23.9	-2.83698e-007	0
24	-4.63468e-007	0
24.1	-6.30283e-007	0
24.2	-7.83194e-007	0
24.3	-9.21443e-007	0
24.4	-1.04446e-006	0
24.5	-1.15184e-006	0
24.6	-1.24337e-006	0
24.7	-1.31902e-006	0
24.8	-1.3789e-006	0
24.9	-1.42333e-006	0
25	0.00628428	0
25.1	0.0188712	0
25.2	0.0363827	0
25.3	0.0573219	0
25.4	0.0804794	0
25.5	0.104976	0
25.6	0.130181	0
25.7	0.155621	0
25.8	0.180906	0
25.9	0.205688	0
26	0.229649	0
26.1	0.252503	0
26.2	0.274	0
26.3	0.293942	0
26.4	0.312192	0
26.5	0.328682	0
26.6	0.343414	0
26.7	0.356455	0
26.8	0.36794	0
26.9	0.378055	0
27	0.387033	0
27.1	0.39514	0
27.2	0.402666	0
27.3	0.409913	0
27.4	0.417185	0
27.5	0.42478	0
27.6	0.432985	0
27.7	0.442064	0
27.8	0.452256	0
27.9	0.463774	0
28	0.476797	0
28.1	0.491476	0
28.2	0.507927	0
28.3	0.526237	0
28.4	0.546466	0
28.5	0.568653	0
28.6	0.59282	0
28.7	0.618979	0
28.8	0.647142	0
28.9	0.677328	0
29	0.709571	0
29.1	0.743927	0
29.2	0.780479	0
29.3	0.819341	0
29.4	0.860655	0
29.5	0.904584	0
29.6	0.951301	0
29.7	1.00097	0
29.8	1.05372	0
29.9	1.10959	0
30	1.16852	0
30.1	1.23022	0
30.2	1.29417	0
30.3	1.35951	0
30.4	1.42496	0
30.5	1.48877	0
30.6	1.54869	0
30.7	1.60199	0
30.8	1.6456	0
30.9	1.67631	0
31	1.69103	0
31.1	1.68721	0
31.2	1.66315	0
31.3	1.61838	0
31.4	1.55375	0
31.5	1.4715	0
31.6	1.3751	0
31.7	1.26886	0
31.8	1.15764	0
31.9	1.0463	0
32	0.939426	0
32.1	0.840883	0
32.2	0.753626	0
32.3	0.679519	0
32.4	0.619284	0
32.5	0.572552	0
32.6	0.537999	0
32.7	0.513562	0
32.8	0.496691	0
32.9	0.484608	0
33	0.47455	0
33.1	0.463977	0
33.2	0.45072	0
33.3	0.433091	0
33.4	0.40993	0
33.5	0.380623	0
33.6	0.345075	0
33.7	0.303667	0
33.8	0.257187	0
33.9	0.20676	0
34	0.153762	0
34.1	0.0997404	0
34.2	0.0463308	0
34.3	-0.00482318	0
34.4	-0.0521455	0
34.5	-0.0941979	0
34.6	-0.129742	0
34.7	-0.157794	0
34.8	-0.177663	0
34.9	-0.188977	0
35	-0.191702	0
35.1	-0.186125	0
35.2	-0.172844	0
35.3	-0.152727	0
35.4	-0.126865	0
35.5	-0.0965191	0
35.6	-0.0630547	0
35.7	-0.027881	0
35.8	0.00761108	0
35.9	0.0421054	0
36	0.0744092	0
36.1	0.103493	0
36.2	0.128519	0
36.3	0.14886	0
36.4	0.164107	0
36.5	0.174063	0
36.6	0.178737	0
36.7	0.178322	0
36.8	0.173175	0
36.9	0.163783	0
37	0.150742	0
37.1	0.134723	0
37.2	0.116441	0
37.3	0.0966341	0
37.4	0.0760305	0
37.5	0.0553313	0
37.6	0.0351882	0
37.7	0.0161872	0
37.8	-0.00116506	0
37.9	-0.0164518	0
38	-0.0293529	0
38.1	-0.0396489	0
38.2	-0.0472213	0
38.3	-0.0520495	0
38.4	-0.0542054	0
38.5	-0.0538447	0
38.6	-0.0511958	0
38.7	-0.0465474	0
38.8	-0.0402341	0
38.9	-0.0326216	0
39	-0.0240919	0
39.1	-0.0150285	0
39.2	-0.0058035	0
39.3	0.00323531	0
39.4	0.0117741	0
39.5	0.0195415	0
39.6	0.0263146	0
39.7	0.0319225	0
39.8	0.0362483	0
39.9	0.0392284	0
40	0.0408503	0
40.1	0.041149	0
40.2	0.0402015	0
40.3	0.0381215	0
40.4	0.035052	0
40.5	0.0311585	0
40.6	0.0266218	0
40.7	0.0216312	0
40.8	0.0163771	0
40.9	0.0110455	0
41	0.00581189	0
41.1	0.000836572	0
41.2	-0.0037393	0
41.3	-0.00779693	0
41.4	-0.011242	0
41.5	-0.0140062	0
41.6	-0.0160471	0
41.7	-0.0173484	0
41.8	-0.0179182	0
41.9	-0.0177871	0
42	-0.0170062	0
42.1	-0.0156432	0
42.2	-0.0137799	0
42.3	-0.0115082	0
42.4	-0.00892655	0
42.5	-0.00613691	0
42.6	-0.00324073	0
42.7	-0.000335877	0
42.8	0.00248607	0
42.9	0.00514225	0
43	0.00756048	0
43.1	0.00968068	0
43.2	0.0114558	0
43.3	0.0128524	0
43.4	0.0138512	0
43.5	0.0144446	0
43.6	0.0146384	0
43.7	0.0144496	0
43.8	0.0139048	0
43.9	0.0130396	0
44	0.0118959	0
44.1	0.0105209	0
44.2	0.00896514	0
44.3	0.00728072	0
44.4	0.00551982	0
44.5	0.00373319	0
44.6	0.00196885	0
44.7	0.000270905	0
44.8	-0.00132133	0
44.9	-0.00277411	0
45	-0.00405975	0
45.1	-0.00515693	0
45.2	-0.00605084	0
45.3	-0.00673306	0
45.4	-0.00720135	0
45.5	-0.0074592	0
45.6	-0.00751534	0
45.7	-0.0073831	0
45.8	-0.00707969	0
45.9	-0.00662542	0
46	-0.00604296	0
46.1	-0.00535651	0
46.2	-0.00459106	0
46.3	-0.00377163	0
46.4	-0.00292262	0
46.5	-0.00206723	0
46.6	-0.00122693	0
46.7	-0.000421004	0
46.8	0.000333705	0
46.9	0.00102308	0
47	0.00163586	0
47.1	0.00216365	0
47.2	0.00260096	0
47.3	0.00294502	0
47.4	0.00319563	0
47.5	0.00335496	0
47.6	0.00342725	0
47.7	0.0034185	0
47.8	0.00333618	0
47.9	0.0031889	0
48	0.00298605	0
48.1	0.00273751	0
48.2	0.00245335	0
48.3	0.00214356	0
48.4	0.0018178	0
48.5	0.00148515	0
48.6	0.00115402	0
48.7	0.000831922	0
48.8	0.000525416	0
48.9	0.000240025	0
49	-1.97973e-005	0
49.1	-0.000250667	0
49.2	-0.000450248	0
49.3	-0.000617203	0
49.4	-0.00075112	0
49.5	-0.000852429	0
49.6	-0.000922299	0
49.7	-0.000962534	0
49.8	-0.000975457	0
49.9	-0.000963797	0
50	-0.00721481	0
50.1	-0.0197432	0
50.2	-0.0371666	0
50.3	-0.0579719	0
50.4	-0.0809152	0
50.5	-0.105055	0
50.6	-0.129661	0
50.7	-0.154115	0
50.8	-0.177834	0
50.9	-0.20023	0
51	-0.220705	0
51.1	-0.23866	0
51.2	-0.253523	0
51.3	-0.26478	0
51.4	-0.272005	0
51.5	-0.274885	0
51.6	-0.273241	0
51.7	-0.267038	0
51.8	-0.256387	0
51.9	-0.241537	0
52	-0.222866	0
52.1	-0.200862	0
52.2	-0.176096	0
52.3	-0.149205	0
52.4	-0.120859	0
52.5	-0.09174	0
52.6	-0.0625196	0
52.7	-0.0338351	0
52.8	-0.00627324	0
52.9	0.0196446	0
53	0.0434733	0
53.1	0.0648513	0
53.2	0.0835045	0
53.3	0.0992471	0
53.4	0.111979	0
53.5	0.121682	0
53.6	0.128412	0
53.7	0.132289	0
53.8	0.133492	0
53.9	0.132244	0
54	0.128803	0
54.1	0.123454	0
54.2	0.116497	0
54.3	0.108236	0
54.4	0.098975	0
54.5	0.0890085	0
54.6	0.0786157	0
54.7	0.0680559	0
54.8	0.0575647	0
54.9	0.0473516	0
55	0.0375978	0
55.1	0.0284555	0
55.2	0.0200481	0
55.3	0.0124704	0
55.4	0.00579002	0
55.5	4.89927e-005	0
55.6	-0.00473424	0
55.7	-0.00856252	0
55.8	-0.0114574	0
55.9	-0.0134567	0
56	-0.0146115	0
56.1	-0.0149837	0
56.2	-0.0146432	0
56.3	-0.0136658	0
56.4	-0.0121301	0
56.5	-0.0101165	0
56.6	-0.00770423	0
56.7	-0.00497031	0
56.8	-0.00198799	0
56.9	0.00117439	0
57	0.00445429	0
57.1	0.00779559	0
57.2	0.011149	0
57.3	0.0144725	0
57.4	0.0177308	0
57.5	0.0208959	0
57.6	0.0239463	0
57.7	0.0268669	0
57.8	0.0296484	0
57.9	0.0322868	0
58	0.0347829	0
58.1	0.0371415	0
58.2	0.0393711	0
58.3	0.0414827	0
58.4	0.0434898	0
58.5	0.0454075	0
58.6	0.0472523	0
58.7	0.049041	0
58.8	0.0507904	0
58.9	0.0525173	0
59	0.0542373	0
59.1	0.0559648	0
59.2	0.0577124	0
59.3	0.0594906	0
59.4	0.0613068	0
59.5	0.0631648	0
59.6	0.0650645	0
59.7	0.0670006	0
59.8	0.0689623	0
59.9	0.0709322	0
60	0.0728866	0
60.1	0.074795	0
60.2	0.076621	0
60.3	0.0783228	0
60.4	0.079855	0
60.5	0.081171	0
60.6	0.0822247	0
60.7	0.0829733	0
60.8	0.0833794	0
60.9	0.0834125	0
61	0.083051	0
61.1	0.0822822	0
61.2	0.0811033	0
61.3	0.0795203	0
61.4	0.0775479	0
61.5	0.0752079	0
61.6	0.0725283	0
61.7	0.0695417	0
61.8	0.0662838	0
61.9	0.0627921	0
62	0.0591047	0
62.1	0.0552592	0
62.2	0.0512916	0
62.3	0.0472359	0
62.4	0.0431233	0
62.5	0.038982	0
62.6	0.0348372	0
62.7	0.0307111	0
62.8	0.0266229	0
62.9	0.0225892	0
63	0.0186243	0
63.1	0.0147407	0
63.2	0.0109493	0
63.3	0.00726012	0
63.4	0.00368258	0
63.5	0.00022586	0
63.6	-0.00310073	0
63.7	-0.00628748	0
63.8	-0.00932413	0
63.9	-0.0121997	0
64	-0.0149027	0
64.1	-0.0174207	0
64.2	-0.0197412	0
64.3	-0.0218513	0
64.4	-0.023738	0
64.5	-0.0253892	0
64.6	-0.0267932	0
64.7	-0.0279399	0
64.8	-0.0288206	0
64.9	-0.0294289	0
65	-0.0297607	0
65.1	-0.0298148	0
65.2	-0.0295931	0
65.3	-0.0291006	0
65.4	-0.0283459	0
65.5	-0.0273408	0
65.6	-0.0261005	0
65.7	-0.0246434	0
65.8	-0.0229907	0
65.9	-0.0211664	0
66	-0.0191965	0
66.1	-0.0171089	0
66.2	-0.0149324	0
66.3	-0.0126971	0
66.4	-0.0104327	0
66.5	-0.00816882	0
66.6	-0.00593422	0
66.7	-0.00375619	0
66.8	-0.00166024	0
66.9	0.000330325	0
67	0.00219475	0
67.1	0.00391508	0
67.2	0.00547636	0
67.3	0.00686686	0
67.4	0.00807782	0
67.5	0.00910373	0
67.6	0.00994222	0
67.7	0.0105939	0
67.8	0.0110621	0
67.9	0.0113526	0
68	0.0114738	0
68.1	0.0114357	0
68.2	0.0112501	0
68.3	0.0109304	0
68.4	0.0104907	0
68.5	0.00994621	0
68.6	0.00931242	0
68.7	0.00860506	0
68.8	0.00783973	0
68.9	0.00703173	0
69	0.0061958	0
69.1	0.00534595	0
69.2	0.00449528	0
69.3	0.00365585	0
69.4	0.00283857	0
69.5	0.00205314	0
69.6	0.00130798	0
69.7	0.000610177	0
69.8	-3.43811e-005	0
69.9	-0.000621193	0
70	-0.00114697	0
70.1	-0.0016096	0
70.2	-0.0020081	0
70.3	-0.00234254	0
70.4	-0.0026139	0
70.5	-0.00282404	0
70.6	-0.00297554	0
70.7	-0.00307163	0
70.8	-0.00311607	0
70.9	-0.00311303	0
71	-0.00306703	0
71.1	-0.00298277	0
71.2	-0.00286512	0
71.3	-0.00271895	0
71.4	-0.00254912	0
71.5	-0.00236038	0
71.6	-0.00215729	0
71.7	-0.0019442	0
71.8	-0.00172517	0
71.9	-0.00150395	0
72	-0.00128398	0
72.1	-0.00106829	0
72.2	-0.000859572	0
72.3	-0.000660147	0
72.4	-0.000471951	0
72.5	-0.000296551	0
72.6	-0.000135155	0
72.7	1.13683e-005	0
72.8	0.000142465	0
72.9	0.000257868	0
73	0.000357574	0
73.1	0.000441819	0
73.2	0.000511043	0
73.3	0.000565867	0
73.4	0.000607064	0
73.5	0.000635526	0
73.6	0.000652242	0
73.7	0.000658268	0
73.8	0.000654706	0
73.9	0.00064268	0
74	0.000623315	0
74.1	0.00059772	0
74.2	0.000566974	0
74.3	0.000532109	0
74.4	0.000494103	0
74.5	0.000453869	0
74.6	0.000412249	0
74.7	0.000370007	0
74.8	0.000327828	0
74.9	0.000286312	0
75	0.00653172	0
75.1	0.0190799	0
75.2	0.0365548	0
75.3	0.0574597	0
75.4	0.0805855	0
75.5	0.105053	0
75.6	0.130233	0
75.7	0.15565	0
75.8	0.180914	0
75.9	0.205679	0
76	0.229627	0
76.1	0.25247	0
76.2	0.273959	0
76.3	0.293895	0
76.4	0.312142	0
76.5	0.328631	0
76.6	0.343363	0
76.7	0.356408	0
76.8	0.367896	0
76.9	0.378017	0
77	0.387001	0
77.1	0.395115	0
77.2	0.402648	0
77.3	0.409903	0
77.4	0.417184	0
77.5	0.424789	0
77.6	0.433003	0
77.7	0.442091	0
77.8	0.452293	0
77.9	0.46382	0
78	0.476854	0
78.1	0.491543	0
78.2	0.508003	0
78.3	0.526323	0
78.4	0.546563	0
78.5	0.56876	0
78.6	0.592937	0
78.7	0.619107	0
78.8	0.647282	0
78.9	0.67748	0
79	0.709736	0
79.1	0.744105	0
79.2	0.780673	0
79.3	0.819552	0
79.4	0.860884	0
79.5	0.904833	0
79.6	0.951574	0
79.7	1.00127	0
79.8	1.05404	0
79.9	1.10995	0
80	1.1689	0
80.1	1.23063	0
80.2	1.29461	0
80.3	1.35998	0
80.4	1.42545	0
80.5	1.48927	0
80.6	1.54919	0
80.7	1.60248	0
80.8	1.64606	0
80.9	1.67672	0
81	1.69138	0
81.1	1.68747	0
81.2	1.66333	0
81.3	1.61845	0
81.4	1.55373	0
81.5	1.4714	0
81.6	1.37492	0
81.7	1.26864	0
81.8	1.15739	0
81.9	1.04606	0
82	0.939206	0
82.1	0.840706	0
82.2	0.753506	0
82.3	0.679461	0
82.4	0.619287	0
82.5	0.572605	0
82.6	0.538088	0
82.7	0.513668	0
82.8	0.496792	0
82.9	0.484682	0
83	0.47458	0
83.1	0.463946	0
83.2	0.450619	0
83.3	0.432914	0
83.4	0.409678	0
83.5	0.380301	0
83.6	0.344694	0
83.7	0.30324	0
83.8	0.256733	0
83.9	0.206297	0
84	0.153312	0
84.1	0.0993249	0
84.2	0.0459709	0
84.3	-0.00510749	0
84.4	-0.0523365	0
84.5	-0.0942811	0
84.6	-0.129707	0
84.7	-0.157634	0
84.8	-0.177376	0
84.9	-0.18857	0
85	-0.191182	0
85.1	-0.185508	0
85.2	-0.172149	0
85.3	-0.151978	0
85.4	-0.126088	0
85.5	-0.0957407	0
85.6	-0.0623035	0
85.7	-0.0271844	0
85.8	0.00822786	0
85.9	0.0426202	0
86	0.0748038	0
86.1	0.103754	0
86.2	0.128638	0
86.3	0.148835	0
86.4	0.163939	0
86.5	0.173761	0
86.6	0.178314	0
86.7	0.177796	0
86.8	0.172565	0
86.9	0.163114	0
87	0.15004	0
87.1	0.134014	0
87.2	0.115754	0
87.3	0.0959934	0
87.4	0.0754616	0
87.5	0.0548564	0
87.6	0.0348262	0
87.7	0.0159531	0
87.8	-0.00126088	0
87.9	-0.016404	0
88	-0.0291615	0
88.1	-0.0393191	0
88.2	-0.0467637	0
88.3	-0.0514795	0
88.4	-0.0535429	0
88.5	-0.0531132	0
88.6	-0.0504218	0
88.7	-0.0457589	0
88.8	-0.0394601	0
88.9	-0.0318908	0
89	-0.0234315	0
89.1	-0.0144636	0
89.2	-0.00535571	0
89.3	0.00354835	0
89.4	0.0119394	0
89.5	0.0195512	0
89.6	0.026166	0
89.7	0.0316184	0
89.8	0.0357968	0
89.9	0.0386423	0
90	0.040147	0
90.1	0.0403496	0
90.2	0.0393304	0
90.3	0.0372051	0
90.4	0.0341183	0
90.5	0.030236	0
90.6	0.0257385	0
90.7	0.0208136	0
90.8	0.0156498	0
90.9	0.0104298	0
91	0.00532557	0
91.1	0.00049313	0
91.2	-0.00393107	0
91.3	-0.0078332	0
91.4	-0.0111241	0
91.5	-0.0137403	0
91.6	-0.0156446	0
91.7	-0.0168249	0
91.8	-0.0172932	0
91.9	-0.0170837	0
92	-0.0162499	0
92.1	-0.0148612	0
92.2	-0.013	0
92.3	-0.0107584	0
92.4	-0.0082344	0
92.5	-0.00552783	0
92.6	-0.00273761	0
92.7	4.15569e-005	0
92.8	0.00272183	0
92.9	0.00522453	0
93	0.00748188	0
93.1	0.00943839	0
93.2	0.0110516	0
93.3	0.0122926	0
93.4	0.0131459	0
93.5	0.0136082	0
93.6	0.0136884	0
93.7	0.0134062	0
93.8	0.0127906	0
93.9	0.0118785	0
94	0.0107128	0
94.1	0.00934091	0
94.2	0.00781275	0
94.3	0.00617937	0
94.4	0.00449128	0
94.5	0.00279705	0
94.6	0.00114207	0
94.7	-0.000432518	0
94.8	-0.00189063	0
94.9	-0.0032019	0
95	-0.00434213	0
95.1	-0.00529344	0
95.2	-0.00604436	0
95.3	-0.00658963	0
95.4	-0.00692985	0
95.5	-0.0070711	0
95.6	-0.00702424	0
95.7	-0.00680434	0
95.8	-0.0064299	0
95.9	-0.00592205	0
96	-0.0053038	0
96.1	-0.00459927	0
96.2	-0.00383291	0
96.3	-0.00302883	0
96.4	-0.00221019	0
96.5	-0.00139861	0
96.6	-0.000613772	0
96.7	0.000126985	0
96.8	0.000808911	0
96.9	0.00142003	0
97	0.00195119	0
97.1	0.0023961	0
97.2	0.00275121	0
97.3	0.00301557	0
97.4	0.00319062	0
97.5	0.00327994	0
97.6	0.00328893	0
97.7	0.00322455	0
97.8	0.00309493	0
97.9	0.00290911	0
98	0.00267667	0
98.1	0.00240745	0
98.2	0.00211129	0
98.3	0.00179772	0
98.4	0.00147581	0
98.5	0.00115394	0
98.6	0.000839668	0
98.7	0.000539619	0
98.8	0.000259403	0
98.9	3.57667e-006	0
99	-0.000224363	0
99.1	-0.00042196	0
99.2	-0.000587758	0
99.3	-0.000721227	0
99.4	-0.000822687	0
99.5	-0.000893203	0
99.6	-0.000934485	0
99.7	-0.000948769	0
99.8	-0.000938711	0
99.9	-0.000907268	0
100	-0.000857594	0
100.1	-0.00707715	0
100.2	-0.0195807	0
100.3	-0.0369857	0
100.4	-0.0577789	0
100.5	-0.080716	0
100.6	-0.104855	0
100.7	-0.129465	0
100.8	-0.153927	0
100.9	-0.177658	0
101	-0.20007	0
101.1	-0.220562	0
101.2	-0.238537	0
101.3	-0.25342	0
101.4	-0.264698	0
101.5	-0.271944	0
101.6	-0.274845	0
101.7	-0.273221	0
101.8	-0.267037	0
101.9	-0.256402	0
102	-0.241566	0
102.1	-0.222908	0
102.2	-0.200914	0
102.3	-0.176156	0
102.4	-0.14927	0
102.5	-0.120928	0
102.6	-0.0918108	0
102.7	-0.0625903	0
102.8	-0.0339042	0
102.9	-0.00633939	0
103	0.0195825	0
103.1	0.0434159	0
103.2	0.0647992	0
103.3	0.0834582	0
103.4	0.0992067	0
103.5	0.111945	0
103.6	0.121654	0
103.7	0.128389	0
103.8	0.132271	0
103.9	0.133479	0
104	0.132234	0
104.1	0.128798	0
104.2	0.123452	0
104.3	0.116497	0
104.4	0.108239	0
104.5	0.0989797	0
104.6	0.0890146	0
104.7	0.0786228	0
104.8	0.0680637	0
104.9	0.0575731	0
105	0.0473602	0
105.1	0.0376063	0
105.2	0.0284638	0
105.3	0.020056	0
105.4	0.0124779	0
105.5	0.00579693	0
105.6	5.52896e-005	0
105.7	-0.0047286	0
105.8	-0.00855757	0
105.9	-0.0114532	0
106	-0.0134532	0
106.1	-0.0146087	0
106.2	-0.0149815	0
106.3	-0.0146417	0
106.4	-0.0136649	0
106.5	-0.0121299	0
106.6	-0.0101168	0
106.7	-0.00770509	0
106.8	-0.00497167	0
106.9	-0.00198982	0
107	0.00117213	0
107.1	0.00445164	0
107.2	0.00779259	0
107.3	0.0111457	0
107.4	0.0144689	0
107.5	0.017727	0
107.6	0.0208919	0
107.7	0.0239421	0
107.8	0.0268626	0
107.9	0.029644	0
108	0.0322824	0
108.1	0.0347784	0
108.2	0.0371371	0
108.3	0.0393667	0
108.4	0.0414783	0
108.5	0.0434855	0
108.6	0.0454034	0
108.7	0.0472484	0
108.8	0.0490372	0
108.9	0.0507868	0
109	0.0525139	0
109.1	0.0542341	0
109.2	0.0559618	0
109.3	0.0577097	0
109.4	0.0594881	0
109.5	0.0613045	0
109.6	0.0631627	0
109.7	0.0650626	0
109.8	0.0669989	0
109.9	0.0689607	0
110	0.0709307	0
110.1	0.0728851	0
110.2	0.0747935	0
110.3	0.0766194	0
110.4	0.078321	0
110.5	0.079853	0
110.6	0.0811686	0
110.7	0.0822219	0
110.8	0.08297	0
110.9	0.0833754	0
111	0.0834079	0
111.1	0.0830457	0
111.2	0.0822762	0
111.3	0.0810965	0
111.4	0.0795128	0
111.5	0.0775396	0
111.6	0.075199	0
111.7	0.0725187	0
111.8	0.0695315	0
111.9	0.0662729	0
112	0.0627807	0
112.1	0.0590929	0
112.2	0.0552469	0
112.3	0.051279	0
112.4	0.0472229	0
112.5	0.0431099	0
112.6	0.0389684	0
112.7	0.0348233	0
112.8	0.030697	0
112.9	0.0266086	0
113	0.0225747	0
113.1	0.0186096	0
113.2	0.0147258	0
113.3	0.0109342	0
113.4	0.00724488	0
113.5	0.00366718	0
113.6	0.000210303	0
113.7	-0.00311643	0
113.8	-0.00630331	0
113.9	-0.00934007	0
114	-0.0122158	0
114.1	-0.0149188	0
114.2	-0.0174369	0
114.3	-0.0197574	0
114.4	-0.0218674	0
114.5	-0.0237542	0
114.6	-0.0254053	0
114.7	-0.0268092	0
114.8	-0.0279557	0
114.9	-0.0288363	0
115	-0.0294444	0
115.1	-0.029776	0
115.2	-0.0298299	0
115.3	-0.029608	0
115.4	-0.0291153	0
115.5	-0.0283604	0
115.6	-0.027355	0
115.7	-0.0261145	0
115.8	-0.0246572	0
115.9	-0.0230044	0
116	-0.0211799	0
116.1	-0.0192099	0
116.2	-0.0171221	0
116.3	-0.0149456	0
116.4	-0.0127102	0
116.5	-0.0104458	0
116.6	-0.00818197	0
116.7	-0.00594744	0
116.8	-0.00376952	0
116.9	-0.00167371	0
117	0.000316672	0
117.1	0.00218089	0
117.2	0.00390098	0
117.3	0.00546206	0
117.4	0.00685223	0
117.5	0.00806284	0
117.6	0.00908842	0
117.7	0.00992662	0
117.8	0.010578	0
117.9	0.0110459	0
118	0.0113363	0
118.1	0.0114572	0
118.2	0.0114188	0
118.3	0.011233	0
118.4	0.010913	0
118.5	0.010473	0
118.6	0.00992828	0
118.7	0.00929424	0
118.8	0.00858662	0
118.9	0.00782105	0
119	0.00701284	0
119.1	0.00617672	0
119.2	0.00532669	0
119.3	0.00447588	0
119.4	0.00363632	0
119.5	0.00281895	0
119.6	0.00203345	0
119.7	0.00128825	0
119.8	0.000590471	0
119.9	-5.40782e-005	0
120	-0.000640859	0
120.1	-0.00116658	0
120.2	-0.00162914	0
120.3	-0.00202756	0
120.4	-0.0023619	0
120.5	-0.00263315	0
120.6	-0.00284316	0
120.7	-0.00299453	0
120.8	-0.00309049	0
120.9	-0.00313479	0
121	-0.00313162	0
121.1	-0.00308547	0
121.2	-0.00300108	0
121.3	-0.00288328	0
121.4	-0.00273698	0
121.5	-0.00256703	0
121.6	-0.00237816	0
121.7	-0.00217496	0
121.8	-0.00196175	0
121.9	-0.00174261	0
122	-0.00152129	0
122.1	-0.00130121	0
122.2	-0.00108542	0
122.3	-0.000876616	0
122.4	-0.000677119	0
122.5	-0.000488857	0
122.6	-0.000313389	0
122.7	-0.00015192	0
122.8	-5.32078e-006	0
122.9	0.00012585	0
123	0.000241324	0
123.1	0.000341097	0
123.2	0.000425403	0
123.3	0.000494683	0
123.4	0.000549559	0
123.5	0.000590802	0
123.6	0.000619306	0
123.7	0.000636059	0
123.8	0.000642117	0
123.9	0.000638584	0
124	0.000626581	0
124.1	0.000607234	0
124.2	0.000581654	0
124.3	0.000550917	0
124.4	0.000516056	0
124.5	0.00047805	0
124.6	0.000437811	0
124.7	0.000396179	0
124.8	0.000353921	0
124.9	0.000311718	0
125	0.000270171	0
125.1	0.00651554	0
125.2	0.0190637	0
125.3	0.0365384	0
125.4	0.057443	0
125.5	0.0805684	0
125.6	0.105035	0
125.7	0.130214	0
125.8	0.15563	0
125.9	0.180893	0
126	0.205657	0
126.1	0.229603	0
126.2	0.252443	0
126.3	0.273929	0
126.4	0.293863	0
126.5	0.312106	0
126.6	0.328591	0
126.7	0.343319	0
126.8	0.356358	0
126.9	0.367841	0
127	0.377956	0
127.1	0.386933	0
127.2	0.39504	0
127.3	0.402566	0
127.4	0.409812	0
127.5	0.417084	0
127.6	0.424679	0
127.7	0.432882	0
127.8	0.441958	0
127.9	0.452147	0
128	0.463661	0
128.1	0.47668	0
128.2	0.491352	0
128.3	0.507795	0
128.4	0.526096	0
128.5	0.546314	0
128.6	0.568489	0
128.7	0.592641	0
128.8	0.618784	0
128.9	0.646929	0
129	0.677094	0
129.1	0.709313	0
129.2	0.743643	0
129.3	0.780166	0
129.4	0.818995	0
129.5	0.860273	0
129.6	0.904163	0
129.7	0.950838	0
129.8	1.00046	0
129.9	1.05316	0
130	1.10899	0
130.1	1.16786	0
130.2	1.22951	0
130.3	1.29342	0
130.4	1.35872	0
130.5	1.42415	0
130.6	1.48794	0
130.7	1.54787	0
130.8	1.60121	0
130.9	1.64489	0
131	1.6757	0
131.1	1.69056	0
131.2	1.6869	0
131.3	1.66303	0
131.4	1.61845	0
131.5	1.554	0
131.6	1.47193	0
131.7	1.37566	0
131.8	1.26953	0
131.9	1.15836	0
132	1.04704	0
132.1	0.940137	0
132.2	0.841532	0
132.3	0.75419	0
132.4	0.679983	0
132.5	0.619647	0
132.6	0.572821	0
132.7	0.538194	0
132.8	0.513707	0
132.9	0.496814	0
133	0.484737	0
133.1	0.474713	0
133.2	0.464196	0
133.3	0.451013	0
133.4	0.433468	0
133.5	0.410395	0
133.6	0.381173	0
133.7	0.345703	0
133.8	0.304359	0
133.9	0.257926	0
134	0.207525	0
134.1	0.15453	0
134.2	0.100488	0
134.3	0.0470348	0
134.4	-0.0041853	0
134.5	-0.0515942	0
134.6	-0.0937508	0
134.7	-0.129413	0
134.8	-0.157593	0
134.9	-0.177593	0
135	-0.189039	0
135.1	-0.191889	0
135.2	-0.186427	0
135.3	-0.173246	0
135.4	-0.15321	0
135.5	-0.127409	0
135.6	-0.0970988	0
135.7	-0.0636464	0
135.8	-0.0284607	0
135.9	0.00706597	0
136	0.0416154	0
136.1	0.073992	0
136.2	0.103163	0
136.3	0.128286	0
136.4	0.14873	0
136.5	0.164081	0
136.6	0.17414	0
136.7	0.178912	0
136.8	0.178586	0
136.9	0.173515	0
137	0.164186	0
137.1	0.151192	0
137.2	0.135203	0
137.3	0.116936	0
137.4	0.0971253	0
137.5	0.0765024	0
137.6	0.055769	0
137.7	0.0355784	0
137.8	0.0165185	0
137.9	-0.000901496	0
138	-0.0162623	0
138.1	-0.0292411	0
138.2	-0.0396157	0
138.3	-0.0472645	0
138.4	-0.0521647	0
138.5	-0.0543855	0
138.6	-0.0540805	0
138.7	-0.0514765	0
138.8	-0.0468609	0
138.9	-0.0405673	0
139	-0.0329613	0
139.1	-0.024425	0
139.2	-0.0153426	0
139.3	-0.00608715	0
139.4	0.00299203	0
139.5	0.0115794	0
139.6	0.0194016	0
139.7	0.0262335	0
139.8	0.0319022	0
139.9	0.0362885	0
140	0.0393267	0
140.1	0.0410024	0
140.2	0.0413489	0
140.3	0.0404419	0
140.4	0.0383936	0
140.5	0.0353464	0
140.6	0.0314652	0
140.7	0.0269307	0
140.8	0.0219322	0
140.9	0.0166609	0
141	0.0113034	0
141.1	0.00603627	0
141.2	0.00102111	0
141.3	-0.00359947	0
141.4	-0.00770508	0
141.5	-0.0111998	0
141.6	-0.0140134	0
141.7	-0.0161022	0
141.8	-0.017448	0
141.9	-0.0180576	0
142	-0.0179603	0
142.1	-0.0172061	0
142.2	-0.0158622	0
142.3	-0.0140098	0
142.4	-0.0117405	0
142.5	-0.00915276	0
142.6	-0.00634898	0
142.7	-0.00343109	0
142.8	-0.00049777	0
142.9	0.00235844	0
143	0.00505355	0
143.1	0.00751412	0
143.2	0.00967874	0
143.3	0.0114991	0
143.4	0.0129403	0
143.5	0.0139818	0
143.6	0.0146149	0
143.7	0.0148444	0
143.8	0.0146861	0
143.9	0.0141662	0
144	0.0133194	0
144.1	0.0121875	0
144.2	0.0108173	0
144.3	0.00925953	0
144.4	0.00756636	0
144.5	0.00579037	0
144.6	0.00398283	0
144.7	0.00219241	0
144.8	0.000463993	0
144.9	-0.00116226	0
145	-0.00265168	0
145.1	-0.00397563	0
145.2	-0.00511185	0
145.3	-0.00604457	0
145.4	-0.00676448	0
145.5	-0.0072685	0
145.6	-0.00755937	0
145.7	-0.00764518	0
145.8	-0.00753871	0
145.9	-0.00725675	0
146	-0.00681934	0
146.1	-0.00624897	0
146.2	-0.00556983	0
146.3	-0.00480697	0
146.4	-0.00398562	0
146.5	-0.00313049	0
146.6	-0.00226516	0
146.7	-0.00141153	0
146.8	-0.000589428	0
146.9	0.000183765	0
147	0.00089336	0
147.1	0.00152751	0
147.2	0.00207727	0
147.3	0.00253659	0
147.4	0.0029022	0
147.5	0.00317344	0
147.6	0.00335207	0
147.7	0.00344199	0
147.8	0.00344894	0
147.9	0.00338018	0
148	0.00324416	0
148.1	0.00305021	0
148.2	0.00280821	0
148.3	0.00252827	0
148.4	0.00222048	0
148.5	0.00189463	0
148.6	0.00156001	0
148.7	0.00122521	0
148.8	0.000898002	0
148.9	0.000585181	0
149	0.000292528	0
149.1	2.47515e-005	0
149.2	-0.000214517	0
149.3	-0.000422707	0
149.4	-0.000598261	0
149.5	-0.000740569	0
149.6	-0.000849888	0
149.7	-0.000927239	0
149.8	-0.000974305	0
149.9	-0.000993317	0
150	-0.000986937	0
150.1	-0.00724238	0
150.2	-0.0197743	0
150.3	-0.0372004	0
150.4	-0.0580074	0
150.5	-0.0809516	0
150.6	-0.105091	0
150.7	-0.129696	0
150.8	-0.154149	0
150.9	-0.177865	0
151	-0.200259	0
151.1	-0.22073	0
151.2	-0.238681	0
151.3	-0.25354	0
151.4	-0.264793	0
151.5	-0.272014	0
151.6	-0.27489	0
151.7	-0.273242	0
151.8	-0.267036	0
151.9	-0.256381	0
152	-0.241528	0
152.1	-0.222855	0
152.2	-0.200848	0
152.3	-0.176082	0
152.4	-0.149189	0
152.5	-0.120842	0
152.6	-0.0917237	0
152.7	-0.0625037	0
152.8	-0.0338199	0
152.9	-0.00625901	0
153	0.0196576	0
153.1	0.0434849	0
153.2	0.0648613	0
153.3	0.0835129	0
153.4	0.0992539	0
153.5	0.111984	0
153.6	0.121686	0
153.7	0.128414	0
153.8	0.13229	0
153.9	0.133491	0
154	0.132241	0
154.1	0.128799	0
154.2	0.123449	0
154.3	0.11649	0
154.4	0.108228	0
154.5	0.0989666	0
154.6	0.0889992	0
154.7	0.0786055	0
154.8	0.0680449	0
154.9	0.0575532	0
155	0.0473395	0
155.1	0.0375851	0
155.2	0.0284424	0
155.3	0.0200346	0
155.4	0.0124567	0
155.5	0.00577609	0
155.6	3.49528e-005	0
155.7	-0.00474833	0
155.8	-0.00857658	0
155.9	-0.0114714	0
156	-0.0134706	0
156.1	-0.0146252	0
156.2	-0.0149971	0
156.3	-0.0146564	0
156.4	-0.0136786	0
156.5	-0.0121426	0
156.6	-0.0101286	0
156.7	-0.007716	0
156.8	-0.00498172	0
156.9	-0.00199905	0
157	0.00116367	0
157.1	0.00444387	0
157.2	0.00778545	0
157.3	0.0111392	0
157.4	0.0144628	0
157.5	0.0177213	0
157.6	0.0208864	0
157.7	0.0239369	0
157.8	0.0268575	0
157.9	0.0296389	0
158	0.0322772	0
158.1	0.0347732	0
158.2	0.0371316	0
158.3	0.0393608	0
158.4	0.0414721	0
158.5	0.0434788	0
158.6	0.0453962	0
158.7	0.0472405	0
158.8	0.0490287	0
158.9	0.0507776	0
159	0.0525039	0
159.1	0.0542233	0
159.2	0.0559502	0
159.3	0.0576973	0
159.4	0.0594749	0
159.5	0.0612905	0
159.6	0.063148	0
159.7	0.0650471	0
159.8	0.0669828	0
159.9	0.068944	0
160	0.0709136	0
160.1	0.0728677	0
160.2	0.0747761	0
160.3	0.076602	0
160.4	0.078304	0
160.5	0.0798365	0
160.6	0.081153	0
160.7	0.0822073	0
160.8	0.0829567	0
160.9	0.0833636	0
161	0.0833976	0
161.1	0.083037	0
161.2	0.0822693	0
161.3	0.0810913	0
161.4	0.0795092	0
161.5	0.0775377	0
161.6	0.0751985	0
161.7	0.0725196	0
161.8	0.0695336	0
161.9	0.0662761	0
162	0.0627848	0
162.1	0.0590978	0
162.2	0.0552525	0
162.3	0.0512851	0
162.4	0.0472295	0
162.5	0.0431168	0
162.6	0.0389755	0
162.7	0.0348307	0
162.8	0.0307045	0
162.9	0.0266163	0
163	0.0225825	0
163.1	0.0186176	0
163.2	0.014734	0
163.3	0.0109426	0
163.4	0.00725346	0
163.5	0.00367598	0
163.6	0.000219341	0
163.7	-0.00310714	0
163.8	-0.00629376	0
163.9	-0.00933026	0
164	-0.0122057	0
164.1	-0.0149085	0
164.2	-0.0174264	0
164.3	-0.0197467	0
164.4	-0.0218566	0
164.5	-0.0237433	0
164.6	-0.0253943	0
164.7	-0.0267983	0
164.8	-0.0279449	0
164.9	-0.0288256	0
165	-0.0294339	0
165.1	-0.0297658	0
165.2	-0.02982	0
165.3	-0.0295984	0
165.4	-0.0291061	0
165.5	-0.0283515	0
165.6	-0.0273466	0
165.7	-0.0261065	0
165.8	-0.0246496	0
165.9	-0.0229972	0
166	-0.0211731	0
166.1	-0.0192034	0
166.2	-0.017116	0
166.3	-0.0149398	0
166.4	-0.0127046	0
166.5	-0.0104404	0
166.6	-0.00817667	0
166.7	-0.00594222	0
166.8	-0.00376433	0
166.9	-0.0016685	0
167	0.000321947	0
167.1	0.00218626	0
167.2	0.00390656	0
167.3	0.00546781	0
167.4	0.00685818	0
167.5	0.008069	0
167.6	0.00909482	0
167.7	0.00993326	0
167.8	0.0105849	0
167.9	0.0110531	0
168	0.0113436	0
168.1	0.0114647	0
168.2	0.0114265	0
168.3	0.0112408	0
168.4	0.0109208	0
168.5	0.010481	0
168.6	0.00993622	0
168.7	0.00930217	0
168.8	0.00859451	0
168.9	0.00782887	0
169	0.00702056	0
169.1	0.00618432	0
169.2	0.00533417	0
169.3	0.00448321	0
169.4	0.0036435	0
169.5	0.00282597	0
169.6	0.00204032	0
169.7	0.00129497	0
169.8	0.000597036	0
169.9	-4.76523e-005	0
170	-0.000634561	0
170.1	-0.0011604	0
170.2	-0.00162306	0
170.3	-0.00202156	0
170.4	-0.00235596	0
170.5	-0.00262726	0
170.6	-0.0028373	0
170.7	-0.00298868	0
170.8	-0.00308463	0
170.9	-0.0031289	0
171	-0.00312568	0
171.1	-0.00307947	0
171.2	-0.00299499	0
171.3	-0.0028771	0
171.4	-0.0027307	0
171.5	-0.00256063	0
171.6	-0.00237166	0
171.7	-0.00216833	0
171.8	-0.00195501	0
171.9	-0.00173575	0
172	-0.0015143	0
172.1	-0.00129409	0
172.2	-0.00107817	0
172.3	-0.000869229	0
172.4	-0.000669597	0
172.5	-0.000481201	0
172.6	-0.000305602	0
172.7	-0.000144007	0
172.8	2.71037e-006	0
172.9	0.000133991	0
173	0.000249565	0
173.1	0.000349428	0
173.2	0.000433813	0
173.3	0.000503162	0
173.4	0.000558095	0
173.5	0.000599386	0
173.6	0.000627927	0
173.7	0.000644706	0
173.8	0.000650783	0
173.9	0.000647257	0
174	0.000635254	0
174.1	0.000615898	0
174.2	0.0005903	0
174.3	0.000559538	0
174.4	0.000524647	0
174.5	0.000486608	0
174.6	0.000446336	0
174.7	0.000404675	0
174.8	0.000362388	0
174.9	0.000320158	0
175	0.000278583	0
175.1	0.0065239	0
175.2	0.0190719	0
175.3	0.0365465	0
175.4	0.0574508	0
175.5	0.0805757	0
175.6	0.105042	0
175.7	0.13022	0
175.8	0.155635	0
175.9	0.180897	0
176	0.205658	0
176.1	0.229602	0
176.2	0.25244	0
176.3	0.273923	0
176.4	0.293853	0
176.5	0.312093	0
176.6	0.328574	0
176.7	0.343296	0
176.8	0.356331	0
176.9	0.367808	0
177	0.377917	0
177.1	0.386888	0
177.2	0.394988	0
177.3	0.402506	0
177.4	0.409744	0
177.5	0.417007	0
177.6	0.424593	0
177.7	0.432787	0
177.8	0.441852	0
177.9	0.452031	0
178	0.463532	0
178.1	0.476538	0
178.2	0.491197	0
178.3	0.507625	0
178.4	0.52591	0
178.5	0.546111	0
178.6	0.568267	0
178.7	0.5924	0
178.8	0.618521	0
178.9	0.646642	0
179	0.676781	0
179.1	0.708972	0
179.2	0.74327	0
179.3	0.779758	0
179.4	0.81855	0
179.5	0.859786	0
179.6	0.903631	0
179.7	0.950257	0
179.8	0.999828	0
179.9	1.05247	0
180	1.10824	0
180.1	1.16705	0
180.2	1.22864	0
180.3	1.2925	0
180.4	1.35776	0
180.5	1.42315	0
180.6	1.48694	0
180.7	1.54689	0
180.8	1.60028	0
180.9	1.64405	0
181	1.67499	0
181.1	1.69001	0
181.2	1.68656	0
181.3	1.66291	0
181.4	1.61856	0
181.5	1.55434	0
181.6	1.47248	0
181.7	1.37637	0
181.8	1.27036	0
181.9	1.15925	0
182	1.04794	0
182.1	0.940996	0
182.2	0.842306	0
182.3	0.754847	0
182.4	0.680508	0
182.5	0.620038	0
182.6	0.573091	0
182.7	0.538366	0
182.8	0.513814	0
182.9	0.496893	0
183	0.484826	0
183.1	0.474846	0
183.2	0.464402	0
183.3	0.451314	0
183.4	0.433878	0
183.5	0.410919	0
183.6	0.381807	0
183.7	0.346435	0
183.8	0.305172	0
183.9	0.258796	0
184	0.208425	0
184.1	0.15543	0
184.2	0.101357	0
184.3	0.0478403	0
184.4	-0.00347293	0
184.5	-0.0510021	0
184.6	-0.0933021	0
184.7	-0.129126	0
184.8	-0.157479	0
184.9	-0.177658	0
185	-0.189281	0
185.1	-0.192299	0
185.2	-0.186989	0
185.3	-0.173938	0
185.4	-0.154004	0
185.5	-0.128273	0
185.6	-0.0980008	0
185.7	-0.0645505	0
185.8	-0.0293327	0
185.9	0.0062586	0
186	0.0409017	0
186.1	0.0733967	0
186.2	0.102705	0
186.3	0.127979	0
186.4	0.148582	0
186.5	0.164093	0
186.6	0.174306	0
186.7	0.179221	0
186.8	0.179022	0
186.9	0.174059	0
187	0.164814	0
187.1	0.151878	0
187.2	0.13592	0
187.3	0.117655	0
187.4	0.0978189	0
187.5	0.0771444	0
187.6	0.0563352	0
187.7	0.0360477	0
187.8	0.0168737	0
187.9	-0.000673722	0
188	-0.0161702	0
188.1	-0.029288	0
188.2	-0.0397996	0
188.3	-0.0475787	0
188.4	-0.0525971	0
188.5	-0.0549202	0
188.6	-0.0546974	0
188.7	-0.0521528	0
188.8	-0.0475713	0
188.9	-0.0412857	0
189	-0.0336612	0
189.1	-0.0250806	0
189.2	-0.01593	0
189.3	-0.00658503	0
189.4	0.00260173	0
189.5	0.0113108	0
189.6	0.0192644	0
189.7	0.0262328	0
189.8	0.0320382	0
189.9	0.0365568	0
190	0.0397183	0
190.1	0.0415043	0
190.2	0.0419442	0
190.3	0.0411108	0
190.4	0.0391139	0
190.5	0.0360942	0
190.6	0.0322158	0
190.7	0.0276595	0
190.8	0.0226151	0
190.9	0.0172755	0
191	0.0118296	0
191.1	0.00645675	0
191.2	0.00132215	0
191.3	-0.00342769	0
191.4	-0.00766813	0
191.5	-0.0112988	0
191.6	-0.014245	0
191.7	-0.0164586	0
191.8	-0.0179173	0
191.9	-0.0186241	0
192	-0.0186051	0
192.1	-0.0179074	0
192.2	-0.0165963	0
192.3	-0.0147519	0
192.4	-0.0124654	0
192.5	-0.00983579	0
192.6	-0.00696596	0
192.7	-0.00395994	0
192.8	-0.000918866	0
192.9	0.00206169	0
193	0.00489428	0
193.1	0.00750164	0
193.2	0.00981834	0
193.3	0.0117919	0
193.4	0.0133835	0
193.5	0.0145679	0
193.6	0.0153335	0
193.7	0.0156823	0
193.8	0.0156265	0
193.9	0.0151899	0
194	0.0144053	0
194.1	0.0133133	0
194.2	0.0119601	0
194.3	0.0103961	0
194.4	0.0086741	0
194.5	0.00684776	0
194.6	0.00496989	0
194.7	0.00309114	0
194.8	0.00125882	0
194.9	-0.000484216	0
195	-0.00210034	0
195.1	-0.00355781	0
195.2	-0.0048312	0
195.3	-0.00590159	0
195.4	-0.0067566	0
195.5	-0.00739025	0
195.6	-0.00780264	0
195.7	-0.00799948	0
195.8	-0.00799153	0
195.9	-0.00779395	0
196	-0.00742555	0
196.1	-0.00690802	0
196.2	-0.00626515	0
196.3	-0.00552204	0
196.4	-0.00470433	0
196.5	-0.00383752	0
196.6	-0.0029463	0
196.7	-0.00205397	0
196.8	-0.00118196	0
196.9	-0.000349439	0
197	0.000426998	0
197.1	0.00113354	0
197.2	0.00175927	0
197.3	0.00229619	0
197.4	0.00273921	0
197.5	0.00308594	0
197.6	0.0033366	0
197.7	0.00349373	0
197.8	0.00356191	0
197.9	0.00354747	0
198	0.0034582	0
198.1	0.00330294	0
198.2	0.00309132	0
198.3	0.00283345	0
198.4	0.00253958	0
198.5	0.00221984	0
198.6	0.00188403	0
198.7	0.00154137	0
198.8	0.00120036	0
198.9	0.000868625	0
199	0.000552794	0
199.1	0.00025847	0
199.2	-9.82432e-006	0
199.3	-0.000248648	0
199.4	-0.000455611	0
199.5	-0.000629331	0
199.6	-0.000769359	0
199.7	-0.000876093	0
199.8	-0.000950681	0
199.9	-0.000994912	0
200	-0.0010111	0
200.1	-0.00728621	0
200.2	-0.0198347	0
200.3	-0.0372743	0
200.4	-0.0580917	0
200.5	-0.0810431	0
200.6	-0.105187	0
200.7	-0.129794	0
200.8	-0.154245	0
200.9	-0.177958	0
201	-0.200346	0
201.1	-0.22081	0
201.2	-0.238753	0
201.3	-0.253602	0
201.4	-0.264844	0
201.5	-0.272054	0
201.6	-0.274919	0
201.7	-0.27326	0
201.8	-0.267043	0
201.9	-0.256378	0
