#V(JJ3)
0	0.0125437	0
0.1	0.0223323	0
0.2	0.0305208	0
0.3	0.0376313	0
0.4	0.0438839	0
0.5	0.049371	0
0.6	0.0541425	0
0.7	0.0582429	0
0.8	0.0617233	0
0.9	0.0646428	0
1	0.0670649	0
1.1	0.0690536	0
1.2	0.0706687	0
1.3	0.0719638	0
1.4	0.0729832	0
1.5	0.0737615	0
1.6	0.0743229	0
1.7	0.0746816	0
1.8	0.074842	0
1.9	0.0748006	0
2	0.0745469	0
2.1	0.0740651	0
2.2	0.0733357	0
2.3	0.0723374	0
2.4	0.0710489	0
2.5	0.06945	0
2.6	0.0675236	0
2.7	0.0652568	0
2.8	0.062642	0
2.9	0.0596773	0
3	0.0563678	0
3.1	0.0527255	0
3.2	0.0487692	0
3.3	0.0445247	0
3.4	0.0400242	0
3.5	0.0353058	0
3.6	0.0304127	0
3.7	0.0253925	0
3.8	0.0202958	0
3.9	0.0151757	0
4	0.0100863	0
4.1	0.00508185	0
4.2	0.000215489	0
4.3	-0.00446162	0
4.4	-0.00890132	0
4.5	-0.0130593	0
4.6	-0.016896	0
4.7	-0.0203769	0
4.8	-0.0234734	0
4.9	-0.026163	0
5	-0.0284295	0
5.1	-0.0302632	0
5.2	-0.0316608	0
5.3	-0.0326254	0
5.4	-0.0331658	0
5.5	-0.0332966	0
5.6	-0.0330375	0
5.7	-0.0324128	0
5.8	-0.0314507	0
5.9	-0.0301826	0
6	-0.0286428	0
6.1	-0.0268674	0
6.2	-0.0248937	0
6.3	-0.0227596	0
6.4	-0.0205032	0
6.5	-0.0181616	0
6.6	-0.015771	0
6.7	-0.0133656	0
6.8	-0.0109778	0
6.9	-0.00863745	0
7	-0.00637145	0
7.1	-0.00420385	0
7.2	-0.00215552	0
7.3	-0.000244088	0
7.4	0.0015161	0
7.5	0.00311394	0
7.6	0.00454148	0
7.7	0.0057938	0
7.8	0.00686885	0
7.9	0.00776724	0
8	0.00849199	0
8.1	0.00904833	0
8.2	0.00944335	0
8.3	0.00968584	0
8.4	0.00978592	0
8.5	0.00975481	0
8.6	0.00960456	0
8.7	0.00934779	0
8.8	0.00899745	0
8.9	0.00856661	0
9	0.00806823	0
9.1	0.00751501	0
9.2	0.0069192	0
9.3	0.00629251	0
9.4	0.00564591	0
9.5	0.00498963	0
9.6	0.00433305	0
9.7	0.00368461	0
9.8	0.00305184	0
9.9	0.00244135	0
10	0.00185875	0
10.1	0.00130877	0
10.2	0.000795216	0
10.3	0.000321031	0
10.4	-0.000111649	0
10.5	-0.000501447	0
10.6	-0.000847684	0
10.7	-0.00115032	0
10.8	-0.00140987	0
10.9	-0.00162737	0
11	-0.00180428	0
11.1	-0.00194243	0
11.2	-0.00204394	0
11.3	-0.0021112	0
11.4	-0.00214677	0
11.5	-0.00215335	0
11.6	-0.00213373	0
11.7	-0.00209071	0
11.8	-0.00202713	0
11.9	-0.00194576	0
12	-0.00184933	0
12.1	-0.00174045	0
12.2	-0.00162163	0
12.3	-0.00149524	0
12.4	-0.00136351	0
12.5	-0.00122849	0
12.6	-0.00109208	0
12.7	-0.000956007	0
12.8	-0.000821815	0
12.9	-0.000690877	0
13	-0.000564393	0
13.1	-0.000443395	0
13.2	-0.000328753	0
13.3	-0.000221181	0
13.4	-0.000121241	0
13.5	-2.93602e-005	0
13.6	5.41701e-005	0
13.7	0.000129178	0
13.8	0.000195604	0
13.9	0.000253489	0
14	0.000302967	0
14.1	0.000344253	0
14.2	0.000377634	0
14.3	0.00040346	0
14.4	0.000422116	0
14.5	0.000434081	0
14.6	0.000439818	0
14.7	0.000439833	0
14.8	0.000434654	0
14.9	0.000424816	0
15	0.000410864	0
15.1	0.000393337	0
15.2	0.000372769	0
15.3	0.000349681	0
15.4	0.000324577	0
15.5	0.000297939	0
15.6	0.000270226	0
15.7	0.000241866	0
15.8	0.00021326	0
15.9	0.000184772	0
16	0.000156737	0
16.1	0.000129452	0
16.2	0.00010318	0
16.3	7.8148e-005	0
16.4	5.45469e-005	0
16.5	3.25344e-005	0
16.6	1.22341e-005	0
16.7	-6.26256e-006	0
16.8	-2.28948e-005	0
16.9	-3.76299e-005	0
17	-5.04619e-005	0
17.1	-6.14092e-005	0
17.2	-7.05124e-005	0
17.3	-7.7832e-005	0
17.4	-8.34456e-005	0
17.5	-8.74452e-005	0
17.6	-8.9935e-005	0
17.7	-9.10289e-005	0
17.8	-9.0848e-005	0
17.9	-8.95189e-005	0
18	-8.71709e-005	0
18.1	-8.39347e-005	0
18.2	-7.99398e-005	0
18.3	-7.53138e-005	0
18.4	-7.01801e-005	0
18.5	-6.4657e-005	0
18.6	-5.88565e-005	0
18.7	-5.28834e-005	0
18.8	-4.68346e-005	0
18.9	-4.07984e-005	0
19	-3.48542e-005	0
19.1	-2.90721e-005	0
19.2	-2.35133e-005	0
19.3	-1.82293e-005	0
19.4	-1.32631e-005	0
19.5	-8.64861e-006	0
19.6	-4.41156e-006	0
19.7	-5.69781e-007	0
19.8	2.86623e-006	0
19.9	5.89269e-006	0
20	8.51193e-006	0
20.1	1.07317e-005	0
20.2	1.25647e-005	0
20.3	1.40273e-005	0
20.4	1.51398e-005	0
20.5	1.5925e-005	0
20.6	1.64079e-005	0
20.7	1.66151e-005	0
20.8	1.65742e-005	0
20.9	1.63133e-005	0
21	1.58604e-005	0
21.1	1.52435e-005	0
21.2	1.44895e-005	0
21.3	1.36245e-005	0
21.4	1.2673e-005	0
21.5	1.16581e-005	0
21.6	1.06013e-005	0
21.7	9.52207e-006	0
21.8	8.4381e-006	0
21.9	7.36512e-006	0
22	6.31694e-006	0
22.1	5.30534e-006	0
22.2	4.34014e-006	0
22.3	3.42936e-006	0
22.4	2.57926e-006	0
22.5	1.79453e-006	0
22.6	1.07834e-006	0
22.7	4.32515e-007	0
22.8	-1.4237e-007	0
22.9	-6.46831e-007	0
23	-1.08234e-006	0
23.1	-1.45118e-006	0
23.2	-1.75635e-006	0
23.3	-2.00136e-006	0
23.4	-2.1902e-006	0
23.5	-2.32714e-006	0
23.6	-2.41671e-006	0
23.7	-2.46353e-006	0
23.8	-2.47227e-006	0
23.9	-2.44757e-006	0
24	-2.39394e-006	0
24.1	-2.31578e-006	0
24.2	-2.21728e-006	0
24.3	-2.10237e-006	0
24.4	-1.97474e-006	0
24.5	-1.83775e-006	0
24.6	-1.69447e-006	0
24.7	-1.54766e-006	0
24.8	-1.39975e-006	0
24.9	-1.2529e-006	0
25	-0.0422583	0
25.1	-0.123204	0
25.2	-0.228841	0
25.3	-0.344598	0
25.4	-0.458843	0
25.5	-0.563511	0
25.6	-0.653646	0
25.7	-0.726665	0
25.8	-0.781668	0
25.9	-0.818894	0
26	-0.839334	0
26.1	-0.84444	0
26.2	-0.83593	0
26.3	-0.815642	0
26.4	-0.785422	0
26.5	-0.747057	0
26.6	-0.70221	0
26.7	-0.652391	0
26.8	-0.598938	0
26.9	-0.543007	0
27	-0.485577	0
27.1	-0.427463	0
27.2	-0.369332	0
27.3	-0.311719	0
27.4	-0.255048	0
27.5	-0.199653	0
27.6	-0.145797	0
27.7	-0.0936858	0
27.8	-0.0434881	0
27.9	0.00465617	0
28	0.0506231	0
28.1	0.094297	0
28.2	0.135564	0
28.3	0.174309	0
28.4	0.210412	0
28.5	0.24375	0
28.6	0.274198	0
28.7	0.301631	0
28.8	0.325929	0
28.9	0.346981	0
29	0.364696	0
29.1	0.379	0
29.2	0.389849	0
29.3	0.397231	0
29.4	0.401173	0
29.5	0.401741	0
29.6	0.399041	0
29.7	0.393227	0
29.8	0.384488	0
29.9	0.373056	0
30	0.359196	0
30.1	0.343201	0
30.2	0.325388	0
30.3	0.306091	0
30.4	0.285649	0
30.5	0.264406	0
30.6	0.242696	0
30.7	0.220844	0
30.8	0.199152	0
30.9	0.177898	0
31	0.15733	0
31.1	0.137665	0
31.2	0.119081	0
31.3	0.101726	0
31.4	0.085708	0
31.5	0.0711057	0
31.6	0.0579662	0
31.7	0.0463101	0
31.8	0.0361348	0
31.9	0.0274182	0
32	0.0201215	0
32.1	0.0141924	0
32.2	0.00956758	0
32.3	0.00617396	0
32.4	0.0039305	0
32.5	0.00274909	0
32.6	0.00253542	0
32.7	0.00318974	0
32.8	0.00460763	0
32.9	0.0066808	0
33	0.00929812	0
33.1	0.0123466	0
33.2	0.0157129	0
33.3	0.0192844	0
33.4	0.0229509	0
33.5	0.0266063	0
33.6	0.0301503	0
33.7	0.0334898	0
33.8	0.0365407	0
33.9	0.039229	0
34	0.0414923	0
34.1	0.0432804	0
34.2	0.0445561	0
34.3	0.0452956	0
34.4	0.0454881	0
34.5	0.0451361	0
34.6	0.0442541	0
34.7	0.042868	0
34.8	0.041014	0
34.9	0.0387368	0
35	0.0360886	0
35.1	0.033127	0
35.2	0.0299132	0
35.3	0.0265106	0
35.4	0.022983	0
35.5	0.0193928	0
35.6	0.0157998	0
35.7	0.0122599	0
35.8	0.008824	0
35.9	0.00553739	0
36	0.00243899	0
36.1	-0.000438864	0
36.2	-0.00307054	0
36.3	-0.00543704	0
36.4	-0.00752568	0
36.5	-0.00932974	0
36.6	-0.0108479	0
36.7	-0.0120835	0
36.8	-0.0130441	0
36.9	-0.0137408	0
37	-0.0141873	0
37.1	-0.0143994	0
37.2	-0.0143947	0
37.3	-0.0141916	0
37.4	-0.0138091	0
37.5	-0.0132663	0
37.6	-0.0125824	0
37.7	-0.011776	0
37.8	-0.0108653	0
37.9	-0.00986783	0
38	-0.00880028	0
38.1	-0.00767871	0
38.2	-0.0065184	0
38.3	-0.00533393	0
38.4	-0.00413916	0
38.5	-0.00294735	0
38.6	-0.00177108	0
38.7	-0.000622356	0
38.8	0.000487432	0
38.9	0.00154753	0
39	0.00254787	0
39.1	0.00347909	0
39.2	0.00433267	0
39.3	0.00510096	0
39.4	0.00577735	0
39.5	0.00635632	0
39.6	0.00683356	0
39.7	0.00720608	0
39.8	0.00747227	0
39.9	0.00763197	0
40	0.00768651	0
40.1	0.0076387	0
40.2	0.00749281	0
40.3	0.00725454	0
40.4	0.0069309	0
40.5	0.0065301	0
40.6	0.00606142	0
40.7	0.005535	0
40.8	0.00496167	0
40.9	0.00435275	0
41	0.00371976	0
41.1	0.00307429	0
41.2	0.00242768	0
41.3	0.00179086	0
41.4	0.00117411	0
41.5	0.000586906	0
41.6	3.77158e-005	0
41.7	-0.000466114	0
41.8	-0.000918475	0
41.9	-0.00131458	0
42	-0.00165101	0
42.1	-0.00192569	0
42.2	-0.00213792	0
42.3	-0.00228829	0
42.4	-0.00237852	0
42.5	-0.00241159	0
42.6	-0.00239142	0
42.7	-0.00232276	0
42.8	-0.00221104	0
42.9	-0.00206223	0
43	-0.00188264	0
43.1	-0.00167878	0
43.2	-0.00145718	0
43.3	-0.00122424	0
43.4	-0.00098615	0
43.5	-0.000748598	0
43.6	-0.000516842	0
43.7	-0.000295556	0
43.8	-8.87643e-005	0
43.9	0.000100205	0
44	0.000268744	0
44.1	0.00041497	0
44.2	0.00053771	0
44.3	0.000636472	0
44.4	0.000711395	0
44.5	0.000763189	0
44.6	0.00079307	0
44.7	0.000802679	0
44.8	0.000794	0
44.9	0.000769279	0
45	0.000730935	0
45.1	0.000681485	0
45.2	0.000623461	0
45.3	0.000559342	0
45.4	0.000491493	0
45.5	0.000422109	0
45.6	0.00035317	0
45.7	0.000286411	0
45.8	0.000223294	0
45.9	0.000164997	0
46	0.000112411	0
46.1	6.61397e-005	0
46.2	2.65193e-005	0
46.3	-6.36666e-006	0
46.4	-3.26595e-005	0
46.5	-5.26964e-005	0
46.6	-6.69767e-005	0
46.7	-7.61276e-005	0
46.8	-8.08677e-005	0
46.9	-8.19729e-005	0
47	-8.02422e-005	0
47.1	-7.64668e-005	0
47.2	-7.14027e-005	0
47.3	-6.57461e-005	0
47.4	-6.01146e-005	0
47.5	-5.50311e-005	0
47.6	-5.09141e-005	0
47.7	-4.80714e-005	0
47.8	-4.66991e-005	0
47.9	-4.68835e-005	0
48	-4.86082e-005	0
48.1	-5.17632e-005	0
48.2	-5.61569e-005	0
48.3	-6.15306e-005	0
48.4	-6.75735e-005	0
48.5	-7.39395e-005	0
48.6	-8.02633e-005	0
48.7	-8.61763e-005	0
48.8	-9.13224e-005	0
48.9	-9.5371e-005	0
49	-9.80299e-005	0
49.1	-9.9055e-005	0
49.2	-9.82582e-005	0
49.3	-9.55133e-005	0
49.4	-9.07593e-005	0
49.5	-8.40008e-005	0
49.6	-7.53075e-005	0
49.7	-6.48102e-005	0
49.8	-5.26957e-005	0
49.9	-3.92005e-005	0
50	0.0422384	0
50.1	0.123223	0
50.2	0.228929	0
50.3	0.344802	0
50.4	0.459219	0
50.5	0.564126	0
50.6	0.654577	0
50.7	0.728003	0
50.8	0.783521	0
50.9	0.821404	0
51	0.842686	0
51.1	0.848877	0
51.2	0.841772	0
51.3	0.823295	0
51.4	0.795396	0
51.5	0.759972	0
51.6	0.718804	0
51.7	0.673522	0
51.8	0.625579	0
51.9	0.576247	0
52	0.526606	0
52.1	0.477562	0
52.2	0.429855	0
52.3	0.384074	0
52.4	0.340674	0
52.5	0.299996	0
52.6	0.262281	0
52.7	0.227686	0
52.8	0.196296	0
52.9	0.16814	0
53	0.143198	0
53.1	0.121411	0
53.2	0.102686	0
53.3	0.0869092	0
53.4	0.0739426	0
53.5	0.0636348	0
53.6	0.0558223	0
53.7	0.0503334	0
53.8	0.0469909	0
53.9	0.0456151	0
54	0.046026	0
54.1	0.048045	0
54.2	0.0514978	0
54.3	0.0562152	0
54.4	0.0620355	0
54.5	0.0688054	0
54.6	0.0763819	0
54.7	0.0846327	0
54.8	0.0934376	0
54.9	0.102689	0
55	0.112293	0
55.1	0.12217	0
55.2	0.132251	0
55.3	0.142485	0
55.4	0.152832	0
55.5	0.163267	0
55.6	0.173776	0
55.7	0.18436	0
55.8	0.19503	0
55.9	0.205809	0
56	0.216732	0
56.1	0.227843	0
56.2	0.239194	0
56.3	0.25085	0
56.4	0.26288	0
56.5	0.275366	0
56.6	0.288393	0
56.7	0.302058	0
56.8	0.316463	0
56.9	0.331718	0
57	0.347942	0
57.1	0.365261	0
57.2	0.38381	0
57.3	0.403734	0
57.4	0.425185	0
57.5	0.44833	0
57.6	0.473342	0
57.7	0.500411	0
57.8	0.529737	0
57.9	0.561535	0
58	0.59603	0
58.1	0.633465	0
58.2	0.67409	0
58.3	0.718168	0
58.4	0.765963	0
58.5	0.817736	0
58.6	0.873733	0
58.7	0.934166	0
58.8	0.999189	0
58.9	1.06887	0
59	1.14313	0
59.1	1.22172	0
59.2	1.30411	0
59.3	1.38945	0
59.4	1.47646	0
59.5	1.56338	0
59.6	1.64789	0
59.7	1.72713	0
59.8	1.79778	0
59.9	1.85618	0
60	1.89863	0
60.1	1.92171	0
60.2	1.92265	0
60.3	1.89971	0
60.4	1.85237	0
60.5	1.78144	0
60.6	1.68895	0
60.7	1.57791	0
60.8	1.452	0
60.9	1.3152	0
61	1.1715	0
61.1	1.02465	0
61.2	0.877956	0
61.3	0.734273	0
61.4	0.595925	0
61.5	0.464744	0
61.6	0.342113	0
61.7	0.229027	0
61.8	0.126149	0
61.9	0.0338652	0
62	-0.0476655	0
62.1	-0.118473	0
62.2	-0.178746	0
62.3	-0.228801	0
62.4	-0.269071	0
62.5	-0.300082	0
62.6	-0.322439	0
62.7	-0.336815	0
62.8	-0.343936	0
62.9	-0.344565	0
63	-0.339489	0
63.1	-0.329506	0
63.2	-0.315407	0
63.3	-0.297962	0
63.4	-0.277912	0
63.5	-0.255955	0
63.6	-0.232735	0
63.7	-0.20884	0
63.8	-0.18479	0
63.9	-0.161043	0
64	-0.137984	0
64.1	-0.115936	0
64.2	-0.0951525	0
64.3	-0.0758282	0
64.4	-0.0581003	0
64.5	-0.0420538	0
64.6	-0.0277279	0
64.7	-0.0151214	0
64.8	-0.00419873	0
64.9	0.00510383	0
65	0.0128728	0
65.1	0.0192119	0
65.2	0.0242373	0
65.3	0.0280728	0
65.4	0.0308461	0
65.5	0.0326853	0
65.6	0.0337158	0
65.7	0.0340582	0
65.8	0.0338262	0
65.9	0.033125	0
66	0.0320507	0
66.1	0.0306897	0
66.2	0.0291179	0
66.3	0.0274015	0
66.4	0.0255967	0
66.5	0.0237506	0
66.6	0.0219015	0
66.7	0.0200799	0
66.8	0.0183095	0
66.9	0.0166073	0
67	0.0149854	0
67.1	0.0134514	0
67.2	0.0120089	0
67.3	0.0106592	0
67.4	0.00940071	0
67.5	0.0082304	0
67.6	0.00714433	0
67.7	0.00613785	0
67.8	0.00520601	0
67.9	0.00434388	0
68	0.00354671	0
68.1	0.00281017	0
68.2	0.00213036	0
68.3	0.00150395	0
68.4	0.000928106	0
68.5	0.00040051	0
68.6	-8.07104e-005	0
68.7	-0.000517052	0
68.8	-0.000909716	0
68.9	-0.0012597	0
69	-0.00156786	0
69.1	-0.00183506	0
69.2	-0.00206215	0
69.3	-0.00225011	0
69.4	-0.00240006	0
69.5	-0.00251334	0
69.6	-0.00259147	0
69.7	-0.00263611	0
69.8	-0.00264952	0
69.9	-0.00263378	0
70	-0.00259132	0
70.1	-0.00252473	0
70.2	-0.00243675	0
70.3	-0.00233018	0
70.4	-0.00220791	0
70.5	-0.0020728	0
70.6	-0.00192771	0
70.7	-0.00177539	0
70.8	-0.00161847	0
70.9	-0.00145944	0
71	-0.00130061	0
71.1	-0.00114406	0
71.2	-0.000991645	0
71.3	-0.000844992	0
71.4	-0.000705466	0
71.5	-0.000574185	0
71.6	-0.00045202	0
71.7	-0.0003396	0
71.8	-0.000237327	0
71.9	-0.000145392	0
72	-6.3791e-005	0
72.1	7.64948e-006	0
72.2	6.92533e-005	0
72.3	0.00012147	0
72.4	0.000164854	0
72.5	0.00020004	0
72.6	0.000227719	0
72.7	0.000248614	0
72.8	0.000263467	0
72.9	0.000273015	0
73	0.000277981	0
73.1	0.000279058	0
73.2	0.000276899	0
73.3	0.000272109	0
73.4	0.000265241	0
73.5	0.000256784	0
73.6	0.000247173	0
73.7	0.000236776	0
73.8	0.000225905	0
73.9	0.000214814	0
74	0.000203703	0
74.1	0.000192723	0
74.2	0.000181982	0
74.3	0.000171549	0
74.4	0.000161461	0
74.5	0.000151731	0
74.6	0.000142348	0
74.7	0.000133287	0
74.8	0.000124514	0
74.9	0.000115988	0
75	-0.0421495	0
75.1	-0.123104	0
75.2	-0.228748	0
75.3	-0.344514	0
75.4	-0.458767	0
75.5	-0.563443	0
75.6	-0.653586	0
75.7	-0.726613	0
75.8	-0.781623	0
75.9	-0.818857	0
76	-0.839303	0
76.1	-0.844416	0
76.2	-0.835913	0
76.3	-0.815629	0
76.4	-0.785415	0
76.5	-0.747054	0
76.6	-0.70221	0
76.7	-0.652395	0
76.8	-0.598944	0
76.9	-0.543015	0
77	-0.485586	0
77.1	-0.427474	0
77.2	-0.369344	0
77.3	-0.311731	0
77.4	-0.25506	0
77.5	-0.199666	0
77.6	-0.145809	0
77.7	-0.0936983	0
77.8	-0.0435002	0
77.9	0.00464455	0
78	0.0506121	0
78.1	0.0942866	0
78.2	0.135554	0
78.3	0.1743	0
78.4	0.210404	0
78.5	0.243743	0
78.6	0.274191	0
78.7	0.301625	0
78.8	0.325923	0
78.9	0.346976	0
79	0.36469	0
79.1	0.378995	0
79.2	0.389844	0
79.3	0.397226	0
79.4	0.401168	0
79.5	0.401735	0
79.6	0.399036	0
79.7	0.393221	0
79.8	0.384482	0
79.9	0.373049	0
80	0.359188	0
80.1	0.343193	0
80.2	0.325381	0
80.3	0.306083	0
80.4	0.285641	0
80.5	0.264398	0
80.6	0.242689	0
80.7	0.220838	0
80.8	0.199146	0
80.9	0.177893	0
81	0.157327	0
81.1	0.137662	0
81.2	0.11908	0
81.3	0.101726	0
81.4	0.0857092	0
81.5	0.0711081	0
81.6	0.0579698	0
81.7	0.0463149	0
81.8	0.0361408	0
81.9	0.0274252	0
82	0.0201296	0
82.1	0.0142016	0
82.2	0.00957782	0
82.3	0.00618525	0
82.4	0.00394282	0
82.5	0.00276242	0
82.6	0.00254972	0
82.7	0.00320492	0
82.8	0.00462357	0
82.9	0.00669736	0
83	0.0093151	0
83.1	0.0123638	0
83.2	0.01573	0
83.3	0.0193012	0
83.4	0.022967	0
83.5	0.0266215	0
83.6	0.0301642	0
83.7	0.0335022	0
83.8	0.0365513	0
83.9	0.0392377	0
84	0.0414988	0
84.1	0.0432847	0
84.2	0.0445582	0
84.3	0.0452954	0
84.4	0.0454859	0
84.5	0.045132	0
84.6	0.0442483	0
84.7	0.0428608	0
84.8	0.0410057	0
84.9	0.0387279	0
85	0.0360794	0
85.1	0.0331178	0
85.2	0.0299044	0
85.3	0.0265026	0
85.4	0.022976	0
85.5	0.0193871	0
85.6	0.0157956	0
85.7	0.0122574	0
85.8	0.0088232	0
85.9	0.00553831	0
86	0.00244158	0
86.1	-0.000434724	0
86.2	-0.00306502	0
86.3	-0.00543034	0
86.4	-0.00751805	0
86.5	-0.00932143	0
86.6	-0.0108391	0
86.7	-0.0120746	0
86.8	-0.0130353	0
86.9	-0.0137323	0
87	-0.0141793	0
87.1	-0.0143921	0
87.2	-0.0143882	0
87.3	-0.0141859	0
87.4	-0.0138041	0
87.5	-0.0132622	0
87.6	-0.012579	0
87.7	-0.0117732	0
87.8	-0.0108629	0
87.9	-0.00986563	0
88	-0.00879813	0
88.1	-0.00767643	0
88.2	-0.00651579	0
88.3	-0.00533081	0
88.4	-0.0041354	0
88.5	-0.00294281	0
88.6	-0.0017657	0
88.7	-0.000616099	0
88.8	0.000494553	0
88.9	0.00155546	0
89	0.00255648	0
89.1	0.00348823	0
89.2	0.00434214	0
89.3	0.00511053	0
89.4	0.00578676	0
89.5	0.00636529	0
89.6	0.00684182	0
89.7	0.00721335	0
89.8	0.0074783	0
89.9	0.00763652	0
90	0.00768938	0
90.1	0.00763971	0
90.2	0.00749186	0
90.3	0.00725155	0
90.4	0.00692586	0
90.5	0.00652306	0
90.6	0.00605247	0
90.7	0.0055243	0
90.8	0.00494942	0
90.9	0.00433918	0
91	0.00370515	0
91.1	0.00305893	0
91.2	0.00241189	0
91.3	0.00177495	0
91.4	0.00115841	0
91.5	0.000571702	0
91.6	2.3288e-005	0
91.7	-0.000479522	0
91.8	-0.00093066	0
91.9	-0.00132538	0
92	-0.00166033	0
92.1	-0.00193348	0
92.2	-0.00214413	0
92.3	-0.00229295	0
92.4	-0.00238181	0
92.5	-0.00241367	0
92.6	-0.00239249	0
92.7	-0.00232305	0
92.8	-0.00221082	0
92.9	-0.00206177	0
93	-0.00188224	0
93.1	-0.00167873	0
93.2	-0.00145777	0
93.3	-0.00122575	0
93.4	-0.000988827	0
93.5	-0.000752671	0
93.6	-0.000522504	0
93.7	-0.000302962	0
93.8	-9.80291e-005	0
93.9	8.90083e-005	0
94	0.000255585	0
94.1	0.00039986	0
94.2	0.000520699	0
94.3	0.000617645	0
94.4	0.000690869	0
94.5	0.00074111	0
94.6	0.000769603	0
94.7	0.000778007	0
94.8	0.000768317	0
94.9	0.000742786	0
95	0.000703834	0
95.1	0.000653974	0
95.2	0.000595733	0
95.3	0.000531581	0
95.4	0.000463869	0
95.5	0.000394779	0
95.6	0.000326278	0
95.7	0.000260086	0
95.8	0.000197652	0
95.9	0.000140141	0
96	8.84329e-005	0
96.1	4.31243e-005	0
96.2	4.5438e-006	0
96.3	-2.72289e-005	0
96.4	-5.23372e-005	0
96.5	-7.11183e-005	0
96.6	-8.407e-005	0
96.7	-9.18162e-005	0
96.8	-9.50724e-005	0
96.9	-9.46104e-005	0
97	-9.1226e-005	0
97.1	-8.57081e-005	0
97.2	-7.88121e-005	0
97.3	-7.12357e-005	0
97.4	-6.36006e-005	0
97.5	-5.6437e-005	0
97.6	-5.01738e-005	0
97.7	-4.51328e-005	0
97.8	-4.15274e-005	0
97.9	-3.94649e-005	0
98	-3.89527e-005	0
98.1	-3.99074e-005	0
98.2	-4.21666e-005	0
98.3	-4.55018e-005	0
98.4	-4.9634e-005	0
98.5	-5.42486e-005	0
98.6	-5.90111e-005	0
98.7	-6.35827e-005	0
98.8	-6.76344e-005	0
98.9	-7.08597e-005	0
99	-7.29868e-005	0
99.1	-7.37873e-005	0
99.2	-7.30842e-005	0
99.3	-7.07566e-005	0
99.4	-6.67432e-005	0
99.5	-6.10424e-005	0
99.6	-5.37117e-005	0
99.7	-4.4864e-005	0
99.8	-3.46628e-005	0
99.9	-2.33159e-005	0
100	-1.10679e-005	0
100.1	0.0422648	0
100.2	0.123247	0
100.3	0.22895	0
100.4	0.34482	0
100.5	0.459234	0
100.6	0.564137	0
100.7	0.654585	0
100.8	0.728006	0
100.9	0.783521	0
101	0.8214	0
101.1	0.842678	0
101.2	0.848867	0
101.3	0.841758	0
101.4	0.823278	0
101.5	0.795378	0
101.6	0.759952	0
101.7	0.718783	0
101.8	0.6735	0
101.9	0.625557	0
102	0.576224	0
102.1	0.526584	0
102.2	0.477541	0
102.3	0.429835	0
102.4	0.384054	0
102.5	0.340655	0
102.6	0.299979	0
102.7	0.262265	0
102.8	0.227671	0
102.9	0.196283	0
103	0.168129	0
103.1	0.143188	0
103.2	0.121402	0
103.3	0.10268	0
103.4	0.0869041	0
103.5	0.0739392	0
103.6	0.0636331	0
103.7	0.0558222	0
103.8	0.0503348	0
103.9	0.0469938	0
104	0.0456195	0
104.1	0.0460317	0
104.2	0.048052	0
104.3	0.0515059	0
104.4	0.0562244	0
104.5	0.0620457	0
104.6	0.0688166	0
104.7	0.0763938	0
104.8	0.0846453	0
104.9	0.0934509	0
105	0.102703	0
105.1	0.112308	0
105.2	0.122184	0
105.3	0.132266	0
105.4	0.1425	0
105.5	0.152848	0
105.6	0.163283	0
105.7	0.173793	0
105.8	0.184377	0
105.9	0.195047	0
106	0.205827	0
106.1	0.216751	0
106.2	0.227862	0
106.3	0.239214	0
106.4	0.25087	0
106.5	0.262902	0
106.6	0.275388	0
106.7	0.288417	0
106.8	0.302083	0
106.9	0.316489	0
107	0.331746	0
107.1	0.347972	0
107.2	0.365293	0
107.3	0.383844	0
107.4	0.40377	0
107.5	0.425225	0
107.6	0.448372	0
107.7	0.473388	0
107.8	0.500461	0
107.9	0.529791	0
108	0.561592	0
108.1	0.596093	0
108.2	0.633533	0
108.3	0.674164	0
108.4	0.718248	0
108.5	0.766049	0
108.6	0.81783	0
108.7	0.873834	0
108.8	0.934275	0
108.9	0.999306	0
109	1.06899	0
109.1	1.14326	0
109.2	1.22186	0
109.3	1.30425	0
109.4	1.3896	0
109.5	1.47661	0
109.6	1.56353	0
109.7	1.64803	0
109.8	1.72727	0
109.9	1.7979	0
110	1.85628	0
110.1	1.89869	0
110.2	1.92173	0
110.3	1.92264	0
110.4	1.89966	0
110.5	1.85228	0
110.6	1.78131	0
110.7	1.68878	0
110.8	1.57771	0
110.9	1.45178	0
111	1.31497	0
111.1	1.17126	0
111.2	1.0244	0
111.3	0.87771	0
111.4	0.734035	0
111.5	0.595697	0
111.6	0.464529	0
111.7	0.341913	0
111.8	0.228843	0
111.9	0.125983	0
112	0.0337168	0
112.1	-0.0477958	0
112.2	-0.118586	0
112.3	-0.178841	0
112.4	-0.228879	0
112.5	-0.269133	0
112.6	-0.300128	0
112.7	-0.322471	0
112.8	-0.336835	0
112.9	-0.343944	0
113	-0.344562	0
113.1	-0.339478	0
113.2	-0.329488	0
113.3	-0.315382	0
113.4	-0.297932	0
113.5	-0.277878	0
113.6	-0.255918	0
113.7	-0.232697	0
113.8	-0.2088	0
113.9	-0.184751	0
114	-0.161004	0
114.1	-0.137947	0
114.2	-0.1159	0
114.3	-0.0951192	0
114.4	-0.0757975	0
114.5	-0.0580723	0
114.6	-0.0420287	0
114.7	-0.0277057	0
114.8	-0.015102	0
114.9	-0.00418217	0
115	0.0051177	0
115.1	0.0128841	0
115.2	0.0192209	0
115.3	0.0242441	0
115.4	0.0280776	0
115.5	0.0308492	0
115.6	0.0326868	0
115.7	0.0337161	0
115.8	0.0340574	0
115.9	0.0338244	0
116	0.0331224	0
116.1	0.0320476	0
116.2	0.030686	0
116.3	0.0291139	0
116.4	0.0273973	0
116.5	0.0255923	0
116.6	0.0237461	0
116.7	0.021897	0
116.8	0.0200755	0
116.9	0.0183051	0
117	0.0166031	0
117.1	0.0149813	0
117.2	0.0134474	0
117.3	0.0120053	0
117.4	0.0106557	0
117.5	0.00939726	0
117.6	0.00822707	0
117.7	0.00714115	0
117.8	0.00613483	0
117.9	0.00520316	0
118	0.00434118	0
118.1	0.00354416	0
118.2	0.00280774	0
118.3	0.00212804	0
118.4	0.00150173	0
118.5	0.000925975	0
118.6	0.000398462	0
118.7	-8.26825e-005	0
118.8	-0.000518953	0
118.9	-0.000911549	0
119	-0.00126146	0
119.1	-0.00156957	0
119.2	-0.0018367	0
119.3	-0.00206373	0
119.4	-0.00225163	0
119.5	-0.00240153	0
119.6	-0.00251475	0
119.7	-0.00259283	0
119.8	-0.00263754	0
119.9	-0.00265089	0
120	-0.0026351	0
120.1	-0.0025926	0
120.2	-0.00252597	0
120.3	-0.00243794	0
120.4	-0.00233135	0
120.5	-0.00220905	0
120.6	-0.00207393	0
120.7	-0.00192882	0
120.8	-0.00177649	0
120.9	-0.00161956	0
121	-0.00146054	0
121.1	-0.00130171	0
121.2	-0.00114516	0
121.3	-0.000992762	0
121.4	-0.000846121	0
121.5	-0.000706611	0
121.6	-0.000575348	0
121.7	-0.000453201	0
121.8	-0.000340799	0
121.9	-0.000238544	0
122	-0.000146625	0
122.1	-6.50403e-005	0
122.2	6.38549e-006	0
122.3	6.79765e-005	0
122.4	0.000120185	0
122.5	0.000163565	0
122.6	0.00019875	0
122.7	0.000226428	0
122.8	0.000247323	0
122.9	0.000262174	0
123	0.00027172	0
123.1	0.000276684	0
123.2	0.000277759	0
123.3	0.000275599	0
123.4	0.00027081	0
123.5	0.000263942	0
123.6	0.000255488	0
123.7	0.000245879	0
123.8	0.000235487	0
123.9	0.000224621	0
124	0.000213535	0
124.1	0.000202431	0
124.2	0.000191457	0
124.3	0.000180724	0
124.4	0.000170298	0
124.5	0.000160219	0
124.6	0.000150497	0
124.7	0.000141121	0
124.8	0.000132069	0
124.9	0.000123303	0
125	0.000114783	0
125.1	-0.0421507	0
125.2	-0.123105	0
125.3	-0.228749	0
125.4	-0.344515	0
125.5	-0.458768	0
125.6	-0.563444	0
125.7	-0.653587	0
125.8	-0.726614	0
125.9	-0.781624	0
126	-0.818858	0
126.1	-0.839305	0
126.2	-0.844418	0
126.3	-0.835914	0
126.4	-0.815631	0
126.5	-0.785417	0
126.6	-0.747057	0
126.7	-0.702214	0
126.8	-0.652399	0
126.9	-0.598949	0
127	-0.54302	0
127.1	-0.485593	0
127.2	-0.427482	0
127.3	-0.369352	0
127.4	-0.311741	0
127.5	-0.255071	0
127.6	-0.199677	0
127.7	-0.145822	0
127.8	-0.0937125	0
127.9	-0.0435157	0
128	0.00462766	0
128.1	0.0505938	0
128.2	0.0942669	0
128.3	0.135533	0
128.4	0.174278	0
128.5	0.21038	0
128.6	0.243718	0
128.7	0.274166	0
128.8	0.301598	0
128.9	0.325895	0
129	0.346948	0
129.1	0.364662	0
129.2	0.378966	0
129.3	0.389816	0
129.4	0.397199	0
129.5	0.401141	0
129.6	0.401709	0
129.7	0.39901	0
129.8	0.393196	0
129.9	0.384458	0
130	0.373027	0
130.1	0.359167	0
130.2	0.343172	0
130.3	0.32536	0
130.4	0.306063	0
130.5	0.285621	0
130.6	0.264378	0
130.7	0.242668	0
130.8	0.220816	0
130.9	0.199123	0
131	0.177869	0
131.1	0.157301	0
131.2	0.137635	0
131.3	0.119052	0
131.4	0.101696	0
131.5	0.0856792	0
131.6	0.0710776	0
131.7	0.0579392	0
131.8	0.0462844	0
131.9	0.0361108	0
132	0.027396	0
132.1	0.0201013	0
132.2	0.0141744	0
132.3	0.00955171	0
132.4	0.00616026	0
132.5	0.00391892	0
132.6	0.00273958	0
132.7	0.00252791	0
132.8	0.00318416	0
132.9	0.00460391	0
133	0.00667892	0
133.1	0.00929808	0
133.2	0.0123485	0
133.3	0.0157167	0
133.4	0.0192902	0
133.5	0.0229589	0
133.6	0.0266166	0
133.7	0.030163	0
133.8	0.0335051	0
133.9	0.0365586	0
134	0.0392496	0
134.1	0.0415157	0
134.2	0.0433065	0
134.3	0.0445849	0
134.4	0.0453268	0
134.5	0.0455217	0
134.6	0.0451718	0
134.7	0.0442915	0
134.8	0.0429068	0
134.9	0.0410538	0
135	0.0387772	0
135.1	0.0361291	0
135.2	0.0331671	0
135.3	0.0299525	0
135.4	0.0265487	0
135.5	0.0230195	0
135.6	0.0194273	0
135.7	0.015832	0
135.8	0.0122896	0
135.9	0.00885106	0
136	0.00556167	0
136.1	0.00246044	0
136.2	-0.000420234	0
136.3	-0.00305467	0
136.4	-0.0054238	0
136.5	-0.00751494	0
136.6	-0.0093213	0
136.7	-0.0108415	0
136.8	-0.012079	0
136.9	-0.0130413	0
137	-0.0137395	0
137.1	-0.0141872	0
137.2	-0.0144004	0
137.3	-0.0143966	0
137.4	-0.0141942	0
137.5	-0.0138124	0
137.6	-0.0132702	0
137.7	-0.0125867	0
137.8	-0.0117808	0
137.9	-0.0108705	0
138	-0.00987341	0
138.1	-0.00880625	0
138.2	-0.00768507	0
138.3	-0.00652515	0
138.4	-0.00534105	0
138.5	-0.00414665	0
138.6	-0.00295517	0
138.7	-0.00177919	0
138.8	-0.000630707	0
138.9	0.000478924	0
139	0.00153896	0
139.1	0.00253935	0
139.2	0.00347074	0
139.3	0.00432463	0
139.4	0.00509337	0
139.5	0.00577036	0
139.6	0.00635007	0
139.7	0.00682819	0
139.8	0.00720172	0
139.9	0.00746902	0
140	0.00762992	0
140.1	0.00768572	0
140.2	0.00763922	0
140.3	0.00749465	0
140.4	0.00725767	0
140.5	0.00693528	0
140.6	0.00653565	0
140.7	0.00606802	0
140.8	0.00554253	0
140.9	0.00496999	0
141	0.00436167	0
141.1	0.00372911	0
141.2	0.00308387	0
141.3	0.0024373	0
141.4	0.00180033	0
141.5	0.00118326	0
141.6	0.000595554	0
141.7	4.57129e-005	0
141.8	-0.000458899	0
141.9	-0.00091215	0
142	-0.00130922	0
142.1	-0.00164666	0
142.2	-0.00192239	0
142.3	-0.00213566	0
142.4	-0.00228702	0
142.5	-0.00237819	0
142.6	-0.00241213	0
142.7	-0.00239272	0
142.8	-0.0023247	0
142.9	-0.00221349	0
143	-0.00206505	0
143.1	-0.00188567	0
143.2	-0.00168188	0
143.3	-0.00146019	0
143.4	-0.00122703	0
143.5	-0.000988589	0
143.6	-0.000750565	0
143.7	-0.000518233	0
143.8	-0.000296286	0
143.9	-8.87711e-005	0
144	0.000100964	0
144.1	0.000270289	0
144.2	0.000417301	0
144.3	0.000540809	0
144.4	0.000640302	0
144.5	0.000715904	0
144.6	0.000768314	0
144.7	0.000798734	0
144.8	0.000808799	0
144.9	0.000800488	0
145	0.000776042	0
145.1	0.000737883	0
145.2	0.000688527	0
145.3	0.000630511	0
145.4	0.000566321	0
145.5	0.000498327	0
145.6	0.000428732	0
145.7	0.000359527	0
145.8	0.000292454	0
145.9	0.000228985	0
146	0.000170306	0
146.1	0.000117315	0
146.2	7.06256e-005	0
146.3	3.05781e-005	0
146.4	-2.73813e-006	0
146.5	-2.94608e-005	0
146.6	-4.99243e-005	0
146.7	-6.46267e-005	0
146.8	-7.41945e-005	0
146.9	-7.93471e-005	0
147	-8.08613e-005	0
147.1	-7.95381e-005	0
147.2	-7.61707e-005	0
147.3	-7.15174e-005	0
147.4	-6.62766e-005	0
147.5	-6.10674e-005	0
147.6	-5.64143e-005	0
147.7	-5.27362e-005	0
147.8	-5.03408e-005	0
147.9	-4.94227e-005	0
148	-5.00662e-005	0
148.1	-5.22516e-005	0
148.2	-5.58648e-005	0
148.3	-6.07091e-005	0
148.4	-6.65198e-005	0
148.5	-7.29797e-005	0
148.6	-7.97357e-005	0
148.7	-8.6415e-005	0
148.8	-9.26421e-005	0
148.9	-9.80533e-005	0
149	-0.000102312	0
149.1	-0.000105118	0
149.2	-0.000106225	0
149.3	-0.000105438	0
149.4	-0.000102628	0
149.5	-9.77337e-005	0
149.6	-9.07586e-005	0
149.7	-8.17734e-005	0
149.8	-7.09118e-005	0
149.9	-5.83648e-005	0
150	-4.43743e-005	0
150.1	0.0422338	0
150.2	0.123219	0
150.3	0.228925	0
150.4	0.344799	0
150.5	0.459217	0
150.6	0.564125	0
150.7	0.654577	0
150.8	0.728003	0
150.9	0.783522	0
151	0.821406	0
151.1	0.842688	0
151.2	0.84888	0
151.3	0.841774	0
151.4	0.823297	0
151.5	0.795399	0
151.6	0.759975	0
151.7	0.718806	0
151.8	0.673524	0
151.9	0.625581	0
152	0.576248	0
152.1	0.526607	0
152.2	0.477563	0
152.3	0.429855	0
152.4	0.384073	0
152.5	0.340673	0
152.6	0.299994	0
152.7	0.262278	0
152.8	0.227682	0
152.9	0.196292	0
153	0.168135	0
153.1	0.143193	0
153.2	0.121405	0
153.3	0.10268	0
153.4	0.086902	0
153.5	0.0739348	0
153.6	0.0636265	0
153.7	0.0558135	0
153.8	0.050324	0
153.9	0.046981	0
154	0.0456048	0
154.1	0.0460151	0
154.2	0.0480337	0
154.3	0.051486	0
154.4	0.0562029	0
154.5	0.0620227	0
154.6	0.0687922	0
154.7	0.0763681	0
154.8	0.0846183	0
154.9	0.0934226	0
155	0.102674	0
155.1	0.112277	0
155.2	0.122153	0
155.3	0.132233	0
155.4	0.142466	0
155.5	0.152812	0
155.6	0.163246	0
155.7	0.173754	0
155.8	0.184337	0
155.9	0.195005	0
156	0.205783	0
156.1	0.216704	0
156.2	0.227813	0
156.3	0.239162	0
156.4	0.250816	0
156.5	0.262844	0
156.6	0.275327	0
156.7	0.288351	0
156.8	0.302013	0
156.9	0.316414	0
157	0.331666	0
157.1	0.347886	0
157.2	0.3652	0
157.3	0.383744	0
157.4	0.403663	0
157.5	0.425108	0
157.6	0.448246	0
157.7	0.473252	0
157.8	0.500314	0
157.9	0.529631	0
158	0.56142	0
158.1	0.595906	0
158.2	0.63333	0
158.3	0.673944	0
158.4	0.71801	0
158.5	0.765791	0
158.6	0.817551	0
158.7	0.873533	0
158.8	0.93395	0
158.9	0.998957	0
159	1.06862	0
159.1	1.14287	0
159.2	1.22144	0
159.3	1.30382	0
159.4	1.38915	0
159.5	1.47616	0
159.6	1.56308	0
159.7	1.6476	0
159.8	1.72687	0
159.9	1.79755	0
160	1.856	0
160.1	1.8985	0
160.2	1.92165	0
160.3	1.92267	0
160.4	1.89981	0
160.5	1.85256	0
160.6	1.7817	0
160.7	1.68928	0
160.8	1.5783	0
160.9	1.45243	0
161	1.31566	0
161.1	1.17199	0
161.2	1.02513	0
161.3	0.878438	0
161.4	0.734743	0
161.5	0.596375	0
161.6	0.465167	0
161.7	0.342507	0
161.8	0.229388	0
161.9	0.126475	0
162	0.0341557	0
162.1	-0.0474107	0
162.2	-0.118254	0
162.3	-0.178561	0
162.4	-0.22865	0
162.5	-0.268952	0
162.6	-0.299992	0
162.7	-0.322377	0
162.8	-0.336778	0
162.9	-0.343922	0
163	-0.344572	0
163.1	-0.339515	0
163.2	-0.329547	0
163.3	-0.31546	0
163.4	-0.298025	0
163.5	-0.277983	0
163.6	-0.256031	0
163.7	-0.232815	0
163.8	-0.20892	0
163.9	-0.184871	0
164	-0.161122	0
164.1	-0.138061	0
164.2	-0.116009	0
164.3	-0.0952206	0
164.4	-0.0758913	0
164.5	-0.0581579	0
164.6	-0.0421058	0
164.7	-0.0277741	0
164.8	-0.0151619	0
164.9	-0.00423374	0
165	0.00507411	0
165.1	0.0128481	0
165.2	0.0191918	0
165.3	0.0242214	0
165.4	0.0280607	0
165.5	0.0308375	0
165.6	0.0326796	0
165.7	0.0337128	0
165.8	0.0340574	0
165.9	0.0338272	0
166	0.0331276	0
166.1	0.0320545	0
166.2	0.0306944	0
166.3	0.0291234	0
166.4	0.0274075	0
166.5	0.025603	0
166.6	0.023757	0
166.7	0.021908	0
166.8	0.0200864	0
166.9	0.0183158	0
167	0.0166134	0
167.1	0.0149913	0
167.2	0.0134573	0
167.3	0.0120148	0
167.4	0.0106647	0
167.5	0.00940574	0
167.6	0.00823509	0
167.7	0.00714872	0
167.8	0.00614197	0
167.9	0.00520988	0
168	0.00434747	0
168.1	0.00355004	0
168.2	0.00281321	0
168.3	0.00213311	0
168.4	0.00150641	0
168.5	0.000930266	0
168.6	0.000402371	0
168.7	-7.91509e-005	0
168.8	-0.000515793	0
168.9	-0.000908755	0
169	-0.00125903	0
169.1	-0.00156749	0
169.2	-0.00183496	0
169.3	-0.00206232	0
169.4	-0.00225054	0
169.5	-0.00240074	0
169.6	-0.00251425	0
169.7	-0.00259259	0
169.8	-0.00263756	0
169.9	-0.00265113	0
170	-0.00263554	0
170.1	-0.00259322	0
170.2	-0.00252674	0
170.3	-0.00243885	0
170.4	-0.00233235	0
170.5	-0.00221013	0
170.6	-0.00207506	0
170.7	-0.00192999	0
170.8	-0.00177766	0
170.9	-0.00162073	0
171	-0.00146167	0
171.1	-0.00130279	0
171.2	-0.00114617	0
171.3	-0.000993693	0
171.4	-0.000846963	0
171.5	-0.000707355	0
171.6	-0.000575988	0
171.7	-0.000453733	0
171.8	-0.000341221	0
171.9	-0.000238853	0
172	-0.000146821	0
172.1	-6.51238e-005	0
172.2	6.41212e-006	0
172.3	6.81094e-005	0
172.4	0.000120419	0
172.5	0.000163894	0
172.6	0.000199168	0
172.7	0.000226927	0
172.8	0.000247894	0
172.9	0.000262809	0
173	0.000272411	0
173.1	0.000277423	0
173.2	0.000278539	0
173.3	0.000276413	0
173.4	0.00027165	0
173.5	0.000264803	0
173.6	0.000256364	0
173.7	0.000246765	0
173.8	0.000236377	0
173.9	0.000225512	0
174	0.000214424	0
174.1	0.000203312	0
174.2	0.000192329	0
174.3	0.000181583	0
174.4	0.000171143	0
174.5	0.000161049	0
174.6	0.000151311	0
174.7	0.000141922	0
174.8	0.000132857	0
174.9	0.000124079	0
175	0.000115546	0
175.1	-0.0421499	0
175.2	-0.123104	0
175.3	-0.228749	0
175.4	-0.344514	0
175.5	-0.458767	0
175.6	-0.563443	0
175.7	-0.653586	0
175.8	-0.726613	0
175.9	-0.781623	0
176	-0.818858	0
176.1	-0.839305	0
176.2	-0.844418	0
176.3	-0.835915	0
176.4	-0.815632	0
176.5	-0.785418	0
176.6	-0.747058	0
176.7	-0.702216	0
176.8	-0.652402	0
176.9	-0.598953	0
177	-0.543025	0
177.1	-0.485598	0
177.2	-0.427488	0
177.3	-0.36936	0
177.4	-0.31175	0
177.5	-0.255081	0
177.6	-0.199689	0
177.7	-0.145835	0
177.8	-0.0937267	0
177.9	-0.0435313	0
178	0.00461068	0
178.1	0.0505754	0
178.2	0.0942472	0
178.3	0.135512	0
178.4	0.174255	0
178.5	0.210357	0
178.6	0.243694	0
178.7	0.27414	0
178.8	0.301572	0
178.9	0.325869	0
179	0.346922	0
179.1	0.364636	0
179.2	0.37894	0
179.3	0.38979	0
179.4	0.397174	0
179.5	0.401117	0
179.6	0.401686	0
179.7	0.398989	0
179.8	0.393176	0
179.9	0.38444	0
180	0.37301	0
180.1	0.359151	0
180.2	0.343158	0
180.3	0.325347	0
180.4	0.306051	0
180.5	0.28561	0
180.6	0.264367	0
180.7	0.242658	0
180.8	0.220806	0
180.9	0.199113	0
181	0.177858	0
181.1	0.157289	0
181.2	0.137623	0
181.3	0.119039	0
181.4	0.101683	0
181.5	0.0856651	0
181.6	0.0710632	0
181.7	0.0579247	0
181.8	0.0462701	0
181.9	0.0360968	0
182	0.0273825	0
182.1	0.0200884	0
182.2	0.0141622	0
182.3	0.00954016	0
182.4	0.00614936	0
182.5	0.00390862	0
182.6	0.00272983	0
182.7	0.00251866	0
182.8	0.0031754	0
182.9	0.00459569	0
183	0.00667131	0
183.1	0.00929122	0
183.2	0.0123426	0
183.3	0.015712	0
183.4	0.019287	0
183.5	0.0229574	0
183.6	0.0266173	0
183.7	0.0301662	0
183.8	0.0335111	0
183.9	0.0365677	0
184	0.0392621	0
184.1	0.0415316	0
184.2	0.0433261	0
184.3	0.0446081	0
184.4	0.0453535	0
184.5	0.0455517	0
184.6	0.0452048	0
184.7	0.0443272	0
184.8	0.0429447	0
184.9	0.0410934	0
185	0.0388179	0
185.1	0.0361704	0
185.2	0.0332082	0
185.3	0.029993	0
185.4	0.0265879	0
185.5	0.0230569	0
185.6	0.0194624	0
185.7	0.0158644	0
185.8	0.012319	0
185.9	0.00887714	0
186	0.00558433	0
186.1	0.00247962	0
186.2	-0.000404498	0
186.3	-0.00304228	0
186.4	-0.00541459	0
186.5	-0.00750869	0
186.6	-0.00931774	0
186.7	-0.0108404	0
186.8	-0.0120799	0
186.9	-0.013044	0
187	-0.0137436	0
187.1	-0.0141925	0
187.2	-0.0144067	0
187.3	-0.0144037	0
187.4	-0.0142019	0
187.5	-0.0138205	0
187.6	-0.0132786	0
187.7	-0.0125956	0
187.8	-0.01179	0
187.9	-0.01088	0
188	-0.00988334	0
188.1	-0.00881666	0
188.2	-0.00769603	0
188.3	-0.00653674	0
188.4	-0.00535334	0
188.5	-0.00415967	0
188.6	-0.00296894	0
188.7	-0.0017937	0
188.8	-0.0006459	0
188.9	0.000463135	0
189	0.00152271	0
189.1	0.00252279	0
189.2	0.00345409	0
189.3	0.00430812	0
189.4	0.00507727	0
189.5	0.00575493	0
189.6	0.0063356	0
189.7	0.00681497	0
189.8	0.00719	0
189.9	0.00745906	0
190	0.00762193	0
190.1	0.00767988	0
190.2	0.00763564	0
190.3	0.00749343	0
190.4	0.00725884	0
190.5	0.00693881	0
190.6	0.00654145	0
190.7	0.00607596	0
190.8	0.0055524	0
190.9	0.00498155	0
191	0.00437463	0
191.1	0.00374316	0
191.2	0.00309867	0
191.3	0.00245249	0
191.4	0.00181554	0
191.5	0.00119814	0
191.6	0.000609766	0
191.7	5.89405e-005	0
191.8	-0.000446937	0
191.9	-0.000901693	0
192	-0.00130046	0
192.1	-0.00163973	0
192.2	-0.00191735	0
192.3	-0.00213254	0
192.4	-0.0022858	0
192.5	-0.00237884	0
192.6	-0.00241444	0
192.7	-0.00239649	0
192.8	-0.00232969	0
192.9	-0.00221942	0
193	-0.0020716	0
193.1	-0.00189253	0
193.2	-0.00168871	0
193.3	-0.00146666	0
193.4	-0.0012328	0
193.5	-0.000993308	0
193.6	-0.000753962	0
193.7	-0.000520082	0
193.8	-0.000296357	0
193.9	-8.68676e-005	0
194	0.000104996	0
194.1	0.000276562	0
194.2	0.000425884	0
194.3	0.000551728	0
194.4	0.000653542	0
194.5	0.000731411	0
194.6	0.000785999	0
194.7	0.000818478	0
194.8	0.000830455	0
194.9	0.000823888	0
195	0.000801002	0
195.1	0.000764204	0
195.2	0.000716003	0
195.3	0.000658933	0
195.4	0.000595477	0
195.5	0.000528011	0
195.6	0.000458741	0
195.7	0.000389666	0
195.8	0.000322535	0
195.9	0.00025883	0
196	0.000199747	0
196.1	0.000146192	0
196.2	9.87871e-005	0
196.3	5.78806e-005	0
196.4	2.35681e-005	0
196.5	-4.28303e-006	0
196.6	-2.60029e-005	0
196.7	-4.20863e-005	0
196.8	-5.31573e-005	0
196.9	-5.99332e-005	0
197	-6.31889e-005	0
197.1	-6.37228e-005	0
197.2	-6.23249e-005	0
197.3	-5.97489e-005	0
197.4	-5.66869e-005	0
197.5	-5.37499e-005	0
197.6	-5.14514e-005	0
197.7	-5.01971e-005	0
197.8	-5.02786e-005	0
197.9	-5.18716e-005	0
198	-5.50387e-005	0
198.1	-5.97358e-005	0
198.2	-6.58222e-005	0
198.3	-7.30727e-005	0
198.4	-8.11928e-005	0
198.5	-8.98344e-005	0
198.6	-9.86134e-005	0
198.7	-0.000107127	0
198.8	-0.00011497	0
198.9	-0.000121751	0
199	-0.00012711	0
199.1	-0.000130726	0
199.2	-0.000132333	0
199.3	-0.000131726	0
199.4	-0.000128768	0
199.5	-0.000123395	0
199.6	-0.000115613	0
199.7	-0.000105503	0
199.8	-9.32121e-005	0
199.9	-7.89515e-005	0
200	-6.29881e-005	0
200.1	0.0422174	0
200.2	0.123205	0
200.3	0.228914	0
200.4	0.34479	0
200.5	0.459211	0
200.6	0.564121	0
200.7	0.654577	0
200.8	0.728005	0
200.9	0.783527	0
201	0.821413	0
201.1	0.842697	0
201.2	0.848891	0
201.3	0.841787	0
201.4	0.823311	0
201.5	0.795414	0
201.6	0.75999	0
201.7	0.718822	0
201.8	0.673539	0
201.9	0.625596	0
