#V(LJJ60)
0	0.0098057	0
0.1	0.0214414	0
0.2	0.0354855	0
0.3	0.0522192	0
0.4	0.0716403	0
0.5	0.0934901	0
0.6	0.117291	0
0.7	0.14239	0
0.8	0.168012	0
0.9	0.193307	0
1	0.217404	0
1.1	0.239457	0
1.2	0.258691	0
1.3	0.274434	0
1.4	0.28615	0
1.5	0.293456	0
1.6	0.296135	0
1.7	0.294141	0
1.8	0.287593	0
1.9	0.276765	0
2	0.262069	0
2.1	0.244034	0
2.2	0.223278	0
2.3	0.200485	0
2.4	0.176372	0
2.5	0.151666	0
2.6	0.127072	0
2.7	0.103255	0
2.8	0.080814	0
2.9	0.0602653	0
3	0.0420319	0
3.1	0.0264329	0
3.2	0.0136795	0
3.3	0.00387522	0
3.4	-0.00298065	0
3.5	-0.00698527	0
3.6	-0.00832199	0
3.7	-0.00724746	0
3.8	-0.00407719	0
3.9	0.000830143	0
4	0.00708862	0
4.1	0.0143009	0
4.2	0.022073	0
4.3	0.0300283	0
4.4	0.0378193	0
4.5	0.0451375	0
4.6	0.0517212	0
4.7	0.0573612	0
4.8	0.0619032	0
4.9	0.0652493	0
5	0.0673563	0
5.1	0.0682321	0
5.2	0.0679318	0
5.3	0.0665506	0
5.4	0.0642171	0
5.5	0.0610854	0
5.6	0.0573274	0
5.7	0.0531242	0
5.8	0.0486588	0
5.9	0.0441092	0
6	0.0396417	0
6.1	0.0354057	0
6.2	0.0315299	0
6.3	0.0281189	0
6.4	0.0252512	0
6.5	0.0229791	0
6.6	0.0213286	0
6.7	0.0203008	0
6.8	0.0198744	0
6.9	0.0200084	0
7	0.0206456	0
7.1	0.0217164	0
7.2	0.0231429	0
7.3	0.0248425	0
7.4	0.0267322	0
7.5	0.0287319	0
7.6	0.0307675	0
7.7	0.032774	0
7.8	0.0346968	0
7.9	0.0364943	0
8	0.038138	0
8.1	0.0396131	0
8.2	0.0409187	0
8.3	0.0420665	0
8.4	0.04308	0
8.5	0.0439935	0
8.6	0.0448494	0
8.7	0.0456973	0
8.8	0.0465915	0
8.9	0.0475893	0
9	0.0487491	0
9.1	0.0501284	0
9.2	0.0517823	0
9.3	0.0537623	0
9.4	0.0561149	0
9.5	0.0588806	0
9.6	0.0620934	0
9.7	0.0657803	0
9.8	0.0699609	0
9.9	0.0746483	0
10	0.0798485	0
10.1	0.0855623	0
10.2	0.0917851	0
10.3	0.098509	0
10.4	0.105724	0
10.5	0.11342	0
10.6	0.121586	0
10.7	0.130218	0
10.8	0.139314	0
10.9	0.14888	0
11	0.158932	0
11.1	0.169493	0
11.2	0.1806	0
11.3	0.192299	0
11.4	0.204649	0
11.5	0.217715	0
11.6	0.231571	0
11.7	0.246293	0
11.8	0.261954	0
11.9	0.278622	0
12	0.296355	0
12.1	0.315194	0
12.2	0.335164	0
12.3	0.356273	0
12.4	0.378509	0
12.5	0.40185	0
12.6	0.426263	0
12.7	0.45171	0
12.8	0.478161	0
12.9	0.505595	0
13	0.534012	0
13.1	0.563438	0
13.2	0.593934	0
13.3	0.625594	0
13.4	0.658549	0
13.5	0.69296	0
13.6	0.729008	0
13.7	0.766872	0
13.8	0.806703	0
13.9	0.84859	0
14	0.89251	0
14.1	0.938278	0
14.2	0.985501	0
14.3	1.03352	0
14.4	1.08141	0
14.5	1.12792	0
14.6	1.17158	0
14.7	1.21068	0
14.8	1.24342	0
14.9	1.26801	0
15	1.28275	0
15.1	1.28621	0
15.2	1.27729	0
15.3	1.25533	0
15.4	1.22012	0
15.5	1.17197	0
15.6	1.11169	0
15.7	1.04052	0
15.8	0.960129	0
15.9	0.872514	0
16	0.77991	0
16.1	0.684707	0
16.2	0.589344	0
16.3	0.496215	0
16.4	0.40758	0
16.5	0.325484	0
16.6	0.251683	0
16.7	0.187597	0
16.8	0.134266	0
16.9	0.0923349	0
17	0.0620405	0
17.1	0.0432289	0
17.2	0.0353782	0
17.3	0.0376374	0
17.4	0.0488748	0
17.5	0.0677342	0
17.6	0.0926962	0
17.7	0.122142	0
17.8	0.154418	0
17.9	0.187894	0
18	0.221021	0
18.1	0.252383	0
18.2	0.280732	0
18.3	0.305027	0
18.4	0.324451	0
18.5	0.338428	0
18.6	0.346623	0
18.7	0.348936	0
18.8	0.345492	0
18.9	0.336613	0
19	0.322797	0
19.1	0.304684	0
19.2	0.283022	0
19.3	0.258633	0
19.4	0.232375	0
19.5	0.20511	0
19.6	0.177674	0
19.7	0.150843	0
19.8	0.125317	0
19.9	0.101695	0
20	0.0804646	0
20.1	0.0619897	0
20.2	0.0465104	0
20.3	0.0341428	0
20.4	0.0248845	0
20.5	0.0186248	0
20.6	0.0151574	0
20.7	0.0141956	0
20.8	0.0153896	0
20.9	0.0183448	0
21	0.0226398	0
21.1	0.0278443	0
21.2	0.033536	0
21.3	0.0393156	0
21.4	0.04482	0
21.5	0.0497324	0
21.6	0.0537912	0
21.7	0.0567944	0
21.8	0.0586026	0
21.9	0.0591395	0
22	0.0583887	0
22.1	0.0563901	0
22.2	0.0532331	0
22.3	0.0490497	0
22.4	0.0440054	0
22.5	0.0382903	0
22.6	0.0321097	0
22.7	0.0256751	0
22.8	0.0191952	0
22.9	0.012868	0
23	0.00687435	0
23.1	0.00137164	0
23.2	-0.00351017	0
23.3	-0.00767175	0
23.4	-0.011046	0
23.5	-0.0135982	0
23.6	-0.0153253	0
23.7	-0.0162536	0
23.8	-0.0164361	0
23.9	-0.0159481	0
24	-0.0148834	0
24.1	-0.0133492	0
24.2	-0.0114614	0
24.3	-0.00933963	0
24.4	-0.0071027	0
24.5	-0.0048642	0
24.6	-0.00272877	0
24.7	-0.000788923	0
24.8	0.000877487	0
24.9	0.00220903	0
25	0.00316176	0
25.1	0.00370957	0
25.2	0.00384384	0
25.3	0.00357246	0
25.4	0.00291838	0
25.5	0.00191766	0
25.6	0.000617192	0
25.7	-0.000927798	0
25.8	-0.00265638	0
25.9	-0.00450456	0
26	-0.00640786	0
26.1	-0.00830373	0
26.2	-0.0101337	0
26.3	-0.0118451	0
26.4	-0.0133931	0
26.5	-0.0147409	0
26.6	-0.0158615	0
26.7	-0.0167375	0
26.8	-0.0173609	0
26.9	-0.0177335	0
27	-0.0178652	0
27.1	-0.0177741	0
27.2	-0.0174845	0
27.3	-0.0170262	0
27.4	-0.0164326	0
27.5	-0.0157397	0
27.6	-0.0149844	0
27.7	-0.0142031	0
27.8	-0.0134308	0
27.9	-0.0126994	0
28	-0.0120372	0
28.1	-0.0114681	0
28.2	-0.0110108	0
28.3	-0.0106788	0
28.4	-0.0104798	0
28.5	-0.0104165	0
28.6	-0.0104862	0
28.7	-0.0106813	0
28.8	-0.0109905	0
28.9	-0.0113984	0
29	-0.0118873	0
29.1	-0.0124372	0
29.2	-0.0130271	0
29.3	-0.0136355	0
29.4	-0.0142414	0
29.5	-0.0148247	0
29.6	-0.0153672	0
29.7	-0.0158527	0
29.8	-0.0162676	0
29.9	-0.0166016	0
30	-0.0168471	0
30.1	-0.0169998	0
30.2	-0.0170586	0
30.3	-0.0170255	0
30.4	-0.0169051	0
30.5	-0.0167045	0
30.6	-0.0164332	0
30.7	-0.016102	0
30.8	-0.0157232	0
30.9	-0.0153099	0
31	-0.0148755	0
31.1	-0.0144335	0
31.2	-0.0139968	0
31.3	-0.0135774	0
31.4	-0.0131862	0
31.5	-0.0128329	0
31.6	-0.0125252	0
31.7	-0.0122694	0
31.8	-0.0120699	0
31.9	-0.011929	0
32	-0.0118475	0
32.1	-0.0118244	0
32.2	-0.0118571	0
32.3	-0.0119416	0
32.4	-0.0120727	0
32.5	-0.0122444	0
32.6	-0.0124496	0
32.7	-0.0126811	0
32.8	-0.0129313	0
32.9	-0.0131925	0
33	-0.0134574	0
33.1	-0.0137188	0
33.2	-0.0139705	0
33.3	-0.0142065	0
33.4	-0.0144221	0
33.5	-0.0146132	0
33.6	-0.0147766	0
33.7	-0.0149102	0
33.8	-0.0150129	0
33.9	-0.0150842	0
34	-0.0151248	0
34.1	-0.0151358	0
34.2	-0.0151193	0
34.3	-0.0150777	0
34.4	-0.0150139	0
34.5	-0.0149313	0
34.6	-0.0148331	0
34.7	-0.0147229	0
34.8	-0.0146043	0
34.9	-0.0144806	0
35	-0.014355	0
35.1	-0.0142305	0
35.2	-0.0141096	0
35.3	-0.0139945	0
35.4	-0.0138871	0
35.5	-0.0137888	0
35.6	-0.0137006	0
35.7	-0.0136231	0
35.8	-0.0135565	0
35.9	-0.0135008	0
36	-0.0134555	0
36.1	-0.01342	0
36.2	-0.0133934	0
36.3	-0.0133748	0
36.4	-0.0133628	0
36.5	-0.0133565	0
36.6	-0.0133546	0
36.7	-0.0133558	0
36.8	-0.0133592	0
36.9	-0.0133637	0
37	-0.0133683	0
37.1	-0.0133724	0
37.2	-0.0133753	0
37.3	-0.0133767	0
37.4	-0.013376	0
37.5	-0.0133734	0
37.6	-0.0133686	0
37.7	-0.0133618	0
37.8	-0.0133532	0
37.9	-0.0133431	0
38	-0.0133318	0
38.1	-0.0133198	0
38.2	-0.0133075	0
38.3	-0.0132952	0
38.4	-0.0132835	0
38.5	-0.0132727	0
38.6	-0.0132631	0
38.7	-0.0132551	0
38.8	-0.0132488	0
38.9	-0.0132445	0
39	-0.0132422	0
39.1	-0.0132421	0
39.2	-0.013244	0
39.3	-0.0132478	0
39.4	-0.0132536	0
39.5	-0.013261	0
39.6	-0.0132699	0
39.7	-0.0132801	0
39.8	-0.0132912	0
39.9	-0.0133032	0
40	-0.0133157	0
40.1	-0.0133285	0
40.2	-0.0133414	0
40.3	-0.0133542	0
40.4	-0.0133668	0
40.5	-0.0133791	0
40.6	-0.0133909	0
40.7	-0.0134022	0
40.8	-0.0134129	0
40.9	-0.0134231	0
41	-0.0134327	0
41.1	-0.0134418	0
41.2	-0.0134504	0
41.3	-0.0134586	0
41.4	-0.0134664	0
41.5	-0.0134738	0
41.6	-0.0134809	0
41.7	-0.0134876	0
41.8	-0.0134941	0
41.9	-0.0135002	0
42	-0.0135058	0
42.1	-0.0135111	0
42.2	-0.0135157	0
42.3	-0.0135198	0
42.4	-0.013523	0
42.5	-0.0135253	0
42.6	-0.0135266	0
42.7	-0.0135267	0
42.8	-0.0135253	0
42.9	-0.0135225	0
43	-0.0135179	0
43.1	-0.0135116	0
43.2	-0.0135034	0
43.3	-0.0134932	0
43.4	-0.013481	0
43.5	-0.0134667	0
43.6	-0.0134504	0
43.7	-0.0134322	0
43.8	-0.0134121	0
43.9	-0.0133902	0
44	-0.0133667	0
44.1	-0.0133419	0
44.2	-0.0133158	0
44.3	-0.0132889	0
44.4	-0.0132612	0
44.5	-0.0132331	0
44.6	-0.0132049	0
44.7	-0.0131769	0
44.8	-0.0131493	0
44.9	-0.0131224	0
45	-0.0130965	0
45.1	-0.0130719	0
45.2	-0.0130487	0
45.3	-0.0130271	0
45.4	-0.0130073	0
45.5	-0.0129894	0
45.6	-0.0129736	0
45.7	-0.0129597	0
45.8	-0.012948	0
45.9	-0.0129383	0
46	-0.0129306	0
46.1	-0.0129247	0
46.2	-0.0129207	0
46.3	-0.0129182	0
46.4	-0.0129173	0
46.5	-0.0129175	0
46.6	-0.0129189	0
46.7	-0.012921	0
46.8	-0.0129238	0
46.9	-0.012927	0
47	-0.0129304	0
47.1	-0.0129337	0
47.2	-0.0129367	0
47.3	-0.0129394	0
47.4	-0.0129414	0
47.5	-0.0129427	0
47.6	-0.0129431	0
47.7	-0.0129425	0
47.8	-0.0129408	0
47.9	-0.012938	0
48	-0.012934	0
48.1	-0.0129288	0
48.2	-0.0129224	0
48.3	-0.0129149	0
48.4	-0.0129063	0
48.5	-0.0128966	0
48.6	-0.012886	0
48.7	-0.0128745	0
48.8	-0.0128622	0
48.9	-0.0128493	0
49	-0.0128357	0
49.1	-0.0128217	0
49.2	-0.0128074	0
49.3	-0.0127928	0
49.4	-0.0127781	0
49.5	-0.0127633	0
49.6	-0.0127486	0
49.7	-0.012734	0
49.8	-0.0127197	0
49.9	-0.0127056	0
50	-0.0126918	0
50.1	-0.0126784	0
50.2	-0.0126654	0
50.3	-0.0126529	0
50.4	-0.0126408	0
50.5	-0.0126291	0
50.6	-0.0126178	0
50.7	-0.0126069	0
50.8	-0.0125963	0
50.9	-0.012586	0
51	-0.0125758	0
51.1	-0.0125657	0
51.2	-0.0125554	0
51.3	-0.0125449	0
51.4	-0.0125339	0
51.5	-0.0125222	0
51.6	-0.0125095	0
51.7	-0.0124955	0
51.8	-0.0124798	0
51.9	-0.0124621	0
52	-0.012442	0
52.1	-0.012419	0
52.2	-0.0123927	0
52.3	-0.0123625	0
52.4	-0.012328	0
52.5	-0.0122886	0
52.6	-0.012244	0
52.7	-0.0121935	0
52.8	-0.0121368	0
52.9	-0.0120735	0
53	-0.0120031	0
53.1	-0.0119254	0
53.2	-0.0118402	0
53.3	-0.0117473	0
53.4	-0.0116468	0
53.5	-0.0115385	0
53.6	-0.0114228	0
53.7	-0.0112998	0
53.8	-0.01117	0
53.9	-0.0110337	0
54	-0.0108916	0
54.1	-0.0107442	0
54.2	-0.0105924	0
54.3	-0.0104367	0
54.4	-0.010278	0
54.5	-0.0101171	0
54.6	-0.00995467	0
54.7	-0.00979153	0
54.8	-0.0096283	0
54.9	-0.00946556	0
55	-0.00930374	0
55.1	-0.00914316	0
55.2	-0.00898396	0
55.3	-0.0088261	0
55.4	-0.00866931	0
55.5	-0.00851313	0
55.6	-0.00835683	0
55.7	-0.00819946	0
55.8	-0.00803978	0
55.9	-0.00787631	0
56	-0.00770728	0
56.1	-0.00753066	0
56.2	-0.00734414	0
56.3	-0.00714514	0
56.4	-0.00693079	0
56.5	-0.00669797	0
56.6	-0.00644328	0
56.7	-0.00616303	0
56.8	-0.00585327	0
56.9	-0.00550977	0
57	-0.00512803	0
57.1	-0.00470325	0
57.2	-0.00423039	0
57.3	-0.00370412	0
57.4	-0.00311888	0
57.5	-0.00246889	0
57.6	-0.00174818	0
57.7	-0.000950627	0
57.8	-7.0013e-005	0
57.9	0.000899932	0
58	0.00196548	0
58.1	0.00313284	0
58.2	0.00440812	0
58.3	0.0057973	0
58.4	0.00730622	0
58.5	0.00894054	0
58.6	0.0107058	0
58.7	0.0126076	0
58.8	0.0146513	0
58.9	0.0168428	0
59	0.0191881	0
59.1	0.0216937	0
59.2	0.0243667	0
59.3	0.0272152	0
59.4	0.0302481	0
59.5	0.0334755	0
59.6	0.0369084	0
59.7	0.0405588	0
59.8	0.0444399	0
59.9	0.0485653	0
60	0.0529493	0
60.1	0.0576066	0
60.2	0.0625517	0
60.3	0.0677996	0
60.4	0.0733648	0
60.5	0.0792621	0
60.6	0.0855065	0
60.7	0.0921133	0
60.8	0.0990991	0
60.9	0.106482	0
61	0.114283	0
61.1	0.122527	0
61.2	0.131242	0
61.3	0.140462	0
61.4	0.150228	0
61.5	0.160587	0
61.6	0.171591	0
61.7	0.183298	0
61.8	0.19577	0
61.9	0.20907	0
62	0.223257	0
62.1	0.238385	0
62.2	0.254496	0
62.3	0.271617	0
62.4	0.289758	0
62.5	0.308909	0
62.6	0.329037	0
62.7	0.350095	0
62.8	0.372018	0
62.9	0.394732	0
63	0.418161	0
63.1	0.442229	0
63.2	0.466878	0
63.3	0.492064	0
63.4	0.517777	0
63.5	0.54404	0
63.6	0.570917	0
63.7	0.598517	0
63.8	0.626992	0
63.9	0.656533	0
64	0.687365	0
64.1	0.719724	0
64.2	0.753843	0
64.3	0.789914	0
64.4	0.828058	0
64.5	0.868275	0
64.6	0.910397	0
64.7	0.954045	0
64.8	0.998587	0
64.9	1.04311	0
65	1.08645	0
65.1	1.12716	0
65.2	1.16365	0
65.3	1.19419	0
65.4	1.2171	0
65.5	1.23077	0
65.6	1.23385	0
65.7	1.2253	0
65.8	1.20446	0
65.9	1.17116	0
66	1.12564	0
66.1	1.06866	0
66.2	1.00138	0
66.3	0.925353	0
66.4	0.842454	0
66.5	0.754787	0
66.6	0.664602	0
66.7	0.574199	0
66.8	0.485843	0
66.9	0.401672	0
67	0.323622	0
67.1	0.25336	0
67.2	0.192235	0
67.3	0.141241	0
67.4	0.100992	0
67.5	0.0717224	0
67.6	0.0532957	0
67.7	0.0452263	0
67.8	0.0467172	0
67.9	0.0567051	0
68	0.0739138	0
68.1	0.096912	0
68.2	0.124173	0
68.3	0.154137	0
68.4	0.185264	0
68.5	0.216091	0
68.6	0.245279	0
68.7	0.271648	0
68.8	0.29421	0
68.9	0.312192	0
69	0.325046	0
69.1	0.332452	0
69.2	0.334313	0
69.3	0.330744	0
69.4	0.322045	0
69.5	0.308686	0
69.6	0.291268	0
69.7	0.270496	0
69.8	0.247145	0
69.9	0.222025	0
70	0.19595	0
70.1	0.169707	0
70.2	0.144032	0
70.3	0.119585	0
70.4	0.0969322	0
70.5	0.0765335	0
70.6	0.0587346	0
70.7	0.0437626	0
70.8	0.0317282	0
70.9	0.0226304	0
71	0.0163658	0
71.1	0.0127412	0
71.2	0.0114875	0
71.3	0.0122762	0
71.4	0.0147366	0
71.5	0.0184727	0
71.6	0.0230805	0
71.7	0.0281633	0
71.8	0.0333461	0
71.9	0.0382879	0
72	0.0426917	0
72.1	0.0463117	0
72.2	0.0489588	0
72.3	0.0505025	0
72.4	0.0508711	0
72.5	0.0500496	0
72.6	0.0480755	0
72.7	0.0450328	0
72.8	0.0410451	0
72.9	0.0362675	0
73	0.0308777	0
73.1	0.0250678	0
73.2	0.0190351	0
73.3	0.0129743	0
73.4	0.00707003	0
73.5	0.00149023	0
73.6	-0.00361893	0
73.7	-0.00813725	0
73.8	-0.0119733	0
73.9	-0.0150657	0
74	-0.0173838	0
74.1	-0.0189261	0
74.2	-0.0197188	0
74.3	-0.0198127	0
74.4	-0.0192796	0
74.5	-0.0182081	0
74.6	-0.0166994	0
74.7	-0.0148624	0
74.8	-0.0128095	0
74.9	-0.0106519	0
75	-0.00849569	0
75.1	-0.00643847	0
75.2	-0.00456633	0
75.3	-0.00295149	0
75.4	-0.00165072	0
75.5	-0.000704362	0
75.6	-0.000136054	0
75.7	4.6894e-005	0
75.8	-0.000147421	0
75.9	-0.00069692	0
76	-0.00156738	0
76.1	-0.0027146	0
76.2	-0.00408672	0
76.3	-0.00562673	0
76.4	-0.00727493	0
76.5	-0.00897131	0
76.6	-0.0106578	0
76.7	-0.0122804	0
76.8	-0.0137906	0
76.9	-0.0151471	0
77	-0.0163165	0
77.1	-0.0172744	0
77.2	-0.0180054	0
77.3	-0.018503	0
77.4	-0.0187693	0
77.5	-0.0188147	0
77.6	-0.0186563	0
77.7	-0.0183174	0
77.8	-0.0178259	0
77.9	-0.0172133	0
78	-0.0165128	0
78.1	-0.0157588	0
78.2	-0.0149848	0
78.3	-0.0142225	0
78.4	-0.0135011	0
78.5	-0.012846	0
78.6	-0.0122783	0
78.7	-0.0118144	0
78.8	-0.0114656	0
78.9	-0.011238	0
79	-0.0111328	0
79.1	-0.0111463	0
79.2	-0.0112706	0
79.3	-0.011494	0
79.4	-0.0118018	0
79.5	-0.0121766	0
79.6	-0.0125997	0
79.7	-0.0130516	0
79.8	-0.0135123	0
79.9	-0.0139627	0
80	-0.014385	0
80.1	-0.0147632	0
80.2	-0.0150833	0
80.3	-0.0153344	0
80.4	-0.0155083	0
80.5	-0.0155997	0
80.6	-0.0156065	0
80.7	-0.0155296	0
80.8	-0.0153728	0
80.9	-0.0151421	0
81	-0.014846	0
81.1	-0.0144948	0
81.2	-0.0141002	0
81.3	-0.0136746	0
81.4	-0.0132311	0
81.5	-0.0127829	0
81.6	-0.0123427	0
81.7	-0.0119224	0
81.8	-0.0115329	0
81.9	-0.0111837	0
82	-0.0108825	0
82.1	-0.0106355	0
82.2	-0.0104466	0
82.3	-0.0103182	0
82.4	-0.0102506	0
82.5	-0.0102423	0
82.6	-0.0102901	0
82.7	-0.0103895	0
82.8	-0.0105345	0
82.9	-0.0107182	0
83	-0.0109329	0
83.1	-0.0111704	0
83.2	-0.0114223	0
83.3	-0.0116801	0
83.4	-0.0119359	0
83.5	-0.012182	0
83.6	-0.0124114	0
83.7	-0.0126181	0
83.8	-0.0127969	0
83.9	-0.0129438	0
84	-0.013056	0
84.1	-0.0131315	0
84.2	-0.0131698	0
84.3	-0.0131711	0
84.4	-0.0131369	0
84.5	-0.0130694	0
84.6	-0.0129716	0
84.7	-0.0128472	0
84.8	-0.0127001	0
84.9	-0.0125349	0
85	-0.0123562	0
85.1	-0.0121687	0
85.2	-0.0119768	0
85.3	-0.0117849	0
85.4	-0.0115972	0
85.5	-0.011417	0
85.6	-0.0112476	0
85.7	-0.0110916	0
85.8	-0.0109508	0
85.9	-0.0108268	0
86	-0.0107203	0
86.1	-0.0106317	0
86.2	-0.0105606	0
86.3	-0.0105064	0
86.4	-0.0104679	0
86.5	-0.0104437	0
86.6	-0.0104319	0
86.7	-0.0104307	0
86.8	-0.0104381	0
86.9	-0.0104518	0
87	-0.0104698	0
87.1	-0.0104901	0
87.2	-0.0105109	0
87.3	-0.0105304	0
87.4	-0.0105472	0
87.5	-0.0105602	0
87.6	-0.0105683	0
87.7	-0.010571	0
87.8	-0.0105678	0
87.9	-0.0105586	0
88	-0.0105435	0
88.1	-0.0105229	0
88.2	-0.0104972	0
88.3	-0.0104672	0
88.4	-0.0104338	0
88.5	-0.0103977	0
88.6	-0.0103599	0
88.7	-0.0103214	0
88.8	-0.0102832	0
88.9	-0.010246	0
89	-0.0102108	0
89.1	-0.0101782	0
89.2	-0.0101489	0
89.3	-0.0101233	0
89.4	-0.0101018	0
89.5	-0.0100845	0
89.6	-0.0100717	0
89.7	-0.0100631	0
89.8	-0.0100587	0
89.9	-0.0100581	0
90	-0.0100611	0
90.1	-0.0100671	0
90.2	-0.0100758	0
90.3	-0.0100866	0
90.4	-0.0100989	0
90.5	-0.0101122	0
90.6	-0.010126	0
90.7	-0.0101398	0
90.8	-0.0101532	0
90.9	-0.0101656	0
91	-0.0101769	0
91.1	-0.0101866	0
91.2	-0.0101946	0
91.3	-0.0102007	0
91.4	-0.0102048	0
91.5	-0.0102067	0
91.6	-0.0102066	0
91.7	-0.0102045	0
91.8	-0.0102004	0
91.9	-0.0101944	0
92	-0.0101866	0
92.1	-0.0101772	0
92.2	-0.0101662	0
92.3	-0.0101538	0
92.4	-0.0101402	0
92.5	-0.0101252	0
92.6	-0.0101092	0
92.7	-0.010092	0
92.8	-0.0100737	0
92.9	-0.0100543	0
93	-0.0100338	0
93.1	-0.0100121	0
93.2	-0.0099891	0
93.3	-0.00996482	0
93.4	-0.00993915	0
93.5	-0.009912	0
93.6	-0.00988327	0
93.7	-0.00985292	0
93.8	-0.00982087	0
93.9	-0.00978709	0
94	-0.00975157	0
94.1	-0.00971431	0
94.2	-0.00967534	0
94.3	-0.00963473	0
94.4	-0.00959256	0
94.5	-0.00954895	0
94.6	-0.00950403	0
94.7	-0.00945795	0
94.8	-0.00941089	0
94.9	-0.00936302	0
95	-0.00931454	0
95.1	-0.00926563	0
95.2	-0.00921647	0
95.3	-0.00916725	0
95.4	-0.00911811	0
95.5	-0.0090692	0
95.6	-0.00902063	0
95.7	-0.00897248	0
95.8	-0.0089248	0
95.9	-0.0088776	0
96	-0.00883087	0
96.1	-0.00878454	0
96.2	-0.00873853	0
96.3	-0.00869269	0
96.4	-0.00864687	0
96.5	-0.00860088	0
96.6	-0.00855447	0
96.7	-0.00850743	0
96.8	-0.00845946	0
96.9	-0.00841031	0
97	-0.00835969	0
97.1	-0.0083073	0
97.2	-0.00825286	0
97.3	-0.00819608	0
97.4	-0.00813671	0
97.5	-0.0080745	0
97.6	-0.0080092	0
97.7	-0.00794062	0
97.8	-0.00786857	0
97.9	-0.0077929	0
98	-0.0077135	0
98.1	-0.00763027	0
98.2	-0.00754315	0
98.3	-0.00745211	0
98.4	-0.00735717	0
98.5	-0.00725833	0
98.6	-0.00715567	0
98.7	-0.00704925	0
98.8	-0.00693918	0
98.9	-0.00682557	0
99	-0.00670855	0
99.1	-0.00658827	0
99.2	-0.00646487	0
99.3	-0.00633851	0
99.4	-0.00620935	0
99.5	-0.00607755	0
99.6	-0.00594326	0
99.7	-0.00580664	0
99.8	-0.00566783	0
99.9	-0.00552699	0
100	-0.00538423	0
100.1	-0.0052397	0
100.2	-0.0050935	0
100.3	-0.00494573	0
100.4	-0.0047965	0
100.5	-0.00464591	0
100.6	-0.00449403	0
100.7	-0.00434094	0
100.8	-0.0041867	0
100.9	-0.00403137	0
101	-0.003875	0
101.1	-0.0037176	0
101.2	-0.00355919	0
101.3	-0.00339977	0
101.4	-0.00323931	0
101.5	-0.00307776	0
101.6	-0.00291507	0
101.7	-0.00275113	0
101.8	-0.00258582	0
101.9	-0.002419	0
102	-0.0022505	0
102.1	-0.00208012	0
102.2	-0.00190765	0
102.3	-0.00173286	0
102.4	-0.00155549	0
102.5	-0.00137531	0
102.6	-0.00119206	0
102.7	-0.0010055	0
102.8	-0.000815417	0
102.9	-0.000621625	0
103	-0.000423979	0
103.1	-0.000222383	0
103.2	-1.68092e-005	0
103.3	0.000192702	0
103.4	0.000406026	0
103.5	0.000622952	0
103.6	0.000843173	0
103.7	0.00106629	0
103.8	0.0012918	0
103.9	0.0015191	0
104	0.00174752	0
104.1	0.00197629	0
104.2	0.00220456	0
104.3	0.00243146	0
104.4	0.00265603	0
104.5	0.00287735	0
104.6	0.00309445	0
104.7	0.00330642	0
104.8	0.0035124	0
104.9	0.00371159	0
105	0.00390331	0
105.1	0.00408702	0
105.2	0.0042623	0
105.3	0.00442895	0
105.4	0.00458696	0
105.5	0.00473652	0
105.6	0.00487809	0
105.7	0.00501238	0
105.8	0.00514034	0
105.9	0.00526324	0
106	0.00538259	0
106.1	0.00550024	0
106.2	0.00561828	0
106.3	0.00573914	0
106.4	0.00586551	0
106.5	0.0060004	0
106.6	0.0061471	0
106.7	0.00630921	0
106.8	0.00649062	0
106.9	0.00669551	0
107	0.00692838	0
107.1	0.007194	0
107.2	0.00749748	0
107.3	0.0078442	0
107.4	0.00823983	0
107.5	0.0086903	0
107.6	0.0092018	0
107.7	0.00978071	0
107.8	0.0104336	0
107.9	0.0111672	0
108	0.0119881	0
108.1	0.0129033	0
108.2	0.0139194	0
108.3	0.0150431	0
108.4	0.016281	0
108.5	0.0176394	0
108.6	0.0191247	0
108.7	0.020743	0
108.8	0.0225005	0
108.9	0.0244034	0
109	0.0264582	0
109.1	0.0286716	0
109.2	0.0310508	0
109.3	0.0336039	0
109.4	0.0363396	0
109.5	0.0392678	0
109.6	0.0423992	0
109.7	0.0457458	0
109.8	0.0493205	0
109.9	0.0531374	0
110	0.0572109	0
110.1	0.0615564	0
110.2	0.0661894	0
110.3	0.071126	0
110.4	0.0763819	0
110.5	0.0819733	0
110.6	0.0879164	0
110.7	0.0942277	0
110.8	0.100925	0
110.9	0.108026	0
111	0.115553	0
111.1	0.123529	0
111.2	0.131982	0
111.3	0.140944	0
111.4	0.150454	0
111.5	0.160557	0
111.6	0.171302	0
111.7	0.182748	0
111.8	0.194957	0
111.9	0.207993	0
112	0.221923	0
112.1	0.236807	0
112.2	0.2527	0
112.3	0.269643	0
112.4	0.287662	0
112.5	0.306765	0
112.6	0.32694	0
112.7	0.348158	0
112.8	0.370373	0
112.9	0.393527	0
113	0.417556	0
113.1	0.442398	0
113.2	0.467998	0
113.3	0.494321	0
113.4	0.521354	0
113.5	0.549121	0
113.6	0.577679	0
113.7	0.607132	0
113.8	0.63762	0
113.9	0.669323	0
114	0.702448	0
114.1	0.737211	0
114.2	0.773813	0
114.3	0.812409	0
114.4	0.853062	0
114.5	0.895702	0
114.6	0.940072	0
114.7	0.98568	0
114.8	1.03177	0
114.9	1.0773	0
115	1.12095	0
115.1	1.16118	0
115.2	1.19629	0
115.3	1.22453	0
115.4	1.24418	0
115.5	1.25373	0
115.6	1.25189	0
115.7	1.2378	0
115.8	1.21097	0
115.9	1.17143	0
116	1.11966	0
116.1	1.05662	0
116.2	0.983694	0
116.3	0.902626	0
116.4	0.81545	0
116.5	0.724401	0
116.6	0.631824	0
116.7	0.540072	0
116.8	0.451424	0
116.9	0.367993	0
117	0.291654	0
117.1	0.223983	0
117.2	0.166209	0
117.3	0.119185	0
117.4	0.0833719	0
117.5	0.0588429	0
117.6	0.0452969	0
117.7	0.04209	0
117.8	0.0482773	0
117.9	0.0626626	0
118	0.083856	0
118.1	0.110334	0
118.2	0.140503	0
118.3	0.172758	0
118.4	0.205542	0
118.5	0.237395	0
118.6	0.267004	0
118.7	0.293233	0
118.8	0.315157	0
118.9	0.332075	0
119	0.343521	0
119.1	0.349262	0
119.2	0.349292	0
119.3	0.343811	0
119.4	0.333206	0
119.5	0.318021	0
119.6	0.298924	0
119.7	0.276677	0
119.8	0.252098	0
119.9	0.226029	0
120	0.199304	0
120.1	0.172714	0
120.2	0.146991	0
120.3	0.122779	0
120.4	0.100618	0
120.5	0.0809366	0
120.6	0.0640412	0
120.7	0.0501168	0
120.8	0.0392294	0
120.9	0.0313334	0
121	0.0262818	0
121.1	0.0238406	0
121.2	0.0237042	0
121.3	0.0255124	0
121.4	0.0288686	0
121.5	0.0333575	0
121.6	0.0385616	0
121.7	0.0440778	0
121.8	0.0495307	0
121.9	0.0545843	0
122	0.058952	0
122.1	0.0624025	0
122.2	0.0647647	0
122.3	0.0659286	0
122.4	0.0658445	0
122.5	0.0645202	0
122.6	0.0620156	0
122.7	0.0584364	0
122.8	0.053926	0
122.9	0.048657	0
123	0.0428222	0
123.1	0.0366252	0
123.2	0.0302723	0
123.3	0.0239634	0
123.4	0.0178854	0
123.5	0.0122055	0
123.6	0.00706619	0
123.7	0.00258184	0
123.8	-0.00116401	0
123.9	-0.00411954	0
124	-0.00626444	0
124.1	-0.00760847	0
124.2	-0.00818903	0
124.3	-0.00806785	0
124.4	-0.00732703	0
124.5	-0.00606456	0
124.6	-0.00438962	0
124.7	-0.00241778	0
124.8	-0.000266294	0
124.9	0.0019503	0
125	0.0041242	0
125.1	0.00615776	0
125.2	0.00796639	0
125.3	0.00948066	0
125.4	0.0106477	0
125.5	0.0114322	0
125.6	0.0118159	0
125.7	0.0117976	0
125.8	0.0113915	0
125.9	0.0106261	0
126	0.00954133	0
126.1	0.00818702	0
126.2	0.00661991	0
126.3	0.0049012	0
126.4	0.00309395	0
126.5	0.00126064	0
126.6	-0.000539096	0
126.7	-0.0022505	0
126.8	-0.00382533	0
126.9	-0.00522319	0
127	-0.00641249	0
127.1	-0.00737102	0
127.2	-0.00808609	0
127.3	-0.00855437	0
127.4	-0.0087814	0
127.5	-0.0087808	0
127.6	-0.00857324	0
127.7	-0.00818519	0
127.8	-0.00764765	0
127.9	-0.00699469	0
128	-0.00626205	0
128.1	-0.00548574	0
128.2	-0.00470073	0
128.3	-0.00393976	0
128.4	-0.00323235	0
128.5	-0.00260393	0
128.6	-0.00207517	0
128.7	-0.00166163	0
128.8	-0.00137344	0
128.9	-0.00121537	0
129	-0.00118695	0
129.1	-0.00128283	0
129.2	-0.00149329	0
129.3	-0.00180484	0
129.4	-0.00220095	0
129.5	-0.00266281	0
129.6	-0.00317013	0
129.7	-0.00370196	0
129.8	-0.00423746	0
129.9	-0.00475663	0
130	-0.00524097	0
130.1	-0.00567403	0
130.2	-0.00604187	0
130.3	-0.00633345	0
130.4	-0.00654077	0
130.5	-0.00665908	0
130.6	-0.0066868	0
130.7	-0.00662545	0
130.8	-0.00647944	0
130.9	-0.00625575	0
131	-0.0059636	0
131.1	-0.00561403	0
131.2	-0.00521944	0
131.3	-0.00479312	0
131.4	-0.0043488	0
131.5	-0.00390018	0
131.6	-0.00346047	0
131.7	-0.00304207	0
131.8	-0.00265613	0
131.9	-0.00231237	0
132	-0.00201877	0
132.1	-0.00178146	0
132.2	-0.00160463	0
132.3	-0.00149048	0
132.4	-0.0014393	0
132.5	-0.00144953	0
132.6	-0.00151792	0
132.7	-0.00163974	0
132.8	-0.00180895	0
132.9	-0.00201853	0
133	-0.00226067	0
133.1	-0.0025271	0
133.2	-0.00280931	0
133.3	-0.00309884	0
133.4	-0.00338754	0
133.5	-0.00366772	0
133.6	-0.00393244	0
133.7	-0.00417556	0
133.8	-0.00439196	0
133.9	-0.00457753	0
134	-0.00472931	0
134.1	-0.00484543	0
134.2	-0.00492512	0
134.3	-0.00496868	0
134.4	-0.00497734	0
134.5	-0.00495321	0
134.6	-0.00489915	0
134.7	-0.00481862	0
134.8	-0.00471555	0
134.9	-0.00459419	0
135	-0.00445898	0
135.1	-0.00431438	0
135.2	-0.00416478	0
135.3	-0.00401434	0
135.4	-0.00386693	0
135.5	-0.00372601	0
135.6	-0.00359459	0
135.7	-0.00347515	0
135.8	-0.00336964	0
135.9	-0.00327946	0
136	-0.00320544	0
136.1	-0.00314792	0
136.2	-0.00310673	0
136.3	-0.00308125	0
136.4	-0.00307049	0
136.5	-0.00307314	0
136.6	-0.00308763	0
136.7	-0.0031122	0
136.8	-0.003145	0
136.9	-0.00318412	0
137	-0.00322767	0
137.1	-0.00327385	0
137.2	-0.00332097	0
137.3	-0.0033675	0
137.4	-0.00341215	0
137.5	-0.00345382	0
137.6	-0.00349167	0
137.7	-0.00352509	0
137.8	-0.00355373	0
137.9	-0.00357746	0
138	-0.00359638	0
138.1	-0.00361077	0
138.2	-0.00362109	0
138.3	-0.00362792	0
138.4	-0.00363197	0
138.5	-0.00363399	0
138.6	-0.00363479	0
138.7	-0.00363519	0
138.8	-0.00363597	0
138.9	-0.00363789	0
139	-0.00364161	0
139.1	-0.00364772	0
139.2	-0.00365672	0
139.3	-0.00366896	0
139.4	-0.00368472	0
139.5	-0.00370413	0
139.6	-0.00372721	0
139.7	-0.0037539	0
139.8	-0.00378401	0
139.9	-0.00381727	0
140	-0.00385337	0
140.1	-0.00389189	0
140.2	-0.00393242	0
140.3	-0.0039745	0
140.4	-0.00401766	0
140.5	-0.00406145	0
140.6	-0.00410541	0
140.7	-0.00414914	0
140.8	-0.00419227	0
140.9	-0.00423446	0
141	-0.00427544	0
141.1	-0.00431497	0
141.2	-0.00435289	0
141.3	-0.00438908	0
141.4	-0.00442345	0
141.5	-0.00445598	0
141.6	-0.00448668	0
141.7	-0.00451559	0
141.8	-0.00454276	0
141.9	-0.00456827	0
142	-0.00459222	0
142.1	-0.00461467	0
142.2	-0.00463571	0
142.3	-0.00465541	0
142.4	-0.00467381	0
142.5	-0.00469095	0
142.6	-0.00470683	0
142.7	-0.00472144	0
142.8	-0.00473474	0
142.9	-0.00474667	0
143	-0.00475714	0
143.1	-0.00476607	0
143.2	-0.00477335	0
143.3	-0.00477887	0
143.4	-0.0047825	0
143.5	-0.00478416	0
143.6	-0.00478373	0
143.7	-0.00478113	0
143.8	-0.0047763	0
143.9	-0.00476919	0
144	-0.00475978	0
144.1	-0.0047481	0
144.2	-0.00473418	0
144.3	-0.00471809	0
144.4	-0.00469995	0
144.5	-0.00467988	0
144.6	-0.00465803	0
144.7	-0.00463459	0
144.8	-0.00460975	0
144.9	-0.00458371	0
145	-0.0045567	0
145.1	-0.00452892	0
145.2	-0.0045006	0
145.3	-0.00447192	0
145.4	-0.00444308	0
145.5	-0.00441423	0
145.6	-0.00438552	0
145.7	-0.00435706	0
145.8	-0.00432891	0
145.9	-0.00430113	0
146	-0.0042737	0
146.1	-0.0042466	0
146.2	-0.00421975	0
146.3	-0.00419304	0
146.4	-0.00416632	0
146.5	-0.00413941	0
146.6	-0.00411212	0
146.7	-0.00408421	0
146.8	-0.00405542	0
146.9	-0.0040255	0
147	-0.00399416	0
147.1	-0.00396114	0
147.2	-0.00392614	0
147.3	-0.00388889	0
147.4	-0.00384914	0
147.5	-0.00380664	0
147.6	-0.00376116	0
147.7	-0.00371249	0
147.8	-0.00366046	0
147.9	-0.00360491	0
148	-0.00354573	0
148.1	-0.00348283	0
148.2	-0.00341615	0
148.3	-0.00334566	0
148.4	-0.00327137	0
148.5	-0.0031933	0
148.6	-0.00311152	0
148.7	-0.00302612	0
148.8	-0.00293719	0
148.9	-0.00284487	0
149	-0.00274929	0
149.1	-0.00265062	0
149.2	-0.00254902	0
149.3	-0.00244468	0
149.4	-0.00233776	0
149.5	-0.00222846	0
149.6	-0.00211696	0
149.7	-0.00200345	0
149.8	-0.00188811	0
149.9	-0.0017711	0
150	-0.00165262	0
150.1	-0.00153282	0
150.2	-0.00141186	0
150.3	-0.00128988	0
150.4	-0.00116703	0
150.5	-0.00104346	0
150.6	-0.000919269	0
150.7	-0.00079459	0
150.8	-0.000669524	0
150.9	-0.000544166	0
151	-0.000418594	0
151.1	-0.000292874	0
151.2	-0.000167053	0
151.3	-4.1158e-005	0
151.4	8.48048e-005	0
151.5	0.000210854	0
151.6	0.000337033	0
151.7	0.000463413	0
151.8	0.000590096	0
151.9	0.000717209	0
152	0.00084491	0
152.1	0.000973384	0
152.2	0.00110284	0
152.3	0.00123351	0
152.4	0.00136563	0
152.5	0.00149946	0
152.6	0.00163525	0
152.7	0.00177326	0
152.8	0.00191371	0
152.9	0.00205681	0
153	0.00220271	0
153.1	0.00235155	0
153.2	0.00250337	0
153.3	0.00265817	0
153.4	0.00281584	0
153.5	0.00297622	0
153.6	0.00313904	0
153.7	0.00330393	0
153.8	0.00347043	0
153.9	0.00363799	0
154	0.00380598	0
154.1	0.00397366	0
154.2	0.00414025	0
154.3	0.0043049	0
154.4	0.00446673	0
154.5	0.00462484	0
154.6	0.00477833	0
154.7	0.00492632	0
154.8	0.00506801	0
154.9	0.00520264	0
155	0.0053296	0
155.1	0.00544837	0
155.2	0.00555861	0
155.3	0.00566015	0
155.4	0.00575305	0
155.5	0.00583755	0
155.6	0.00591417	0
155.7	0.00598367	0
155.8	0.00604708	0
155.9	0.00610572	0
156	0.00616119	0
156.1	0.00621538	0
156.2	0.00627048	0
156.3	0.006329	0
156.4	0.00639371	0
156.5	0.00646771	0
156.6	0.0065544	0
156.7	0.00665746	0
156.8	0.00678088	0
156.9	0.00692897	0
157	0.00710633	0
157.1	0.00731786	0
157.2	0.00756878	0
157.3	0.0078646	0
157.4	0.00821113	0
157.5	0.00861443	0
157.6	0.00908082	0
157.7	0.00961684	0
157.8	0.0102292	0
157.9	0.0109247	0
158	0.0117103	0
158.1	0.0125928	0
158.2	0.0135793	0
158.3	0.0146765	0
158.4	0.0158911	0
158.5	0.0172297	0
158.6	0.0186988	0
158.7	0.0203047	0
158.8	0.0220539	0
158.9	0.0239527	0
159	0.0260078	0
159.1	0.0282261	0
159.2	0.0306152	0
159.3	0.0331834	0
159.4	0.0359396	0
159.5	0.038894	0
159.6	0.0420577	0
159.7	0.0454429	0
159.8	0.049063	0
159.9	0.0529322	0
160	0.0570655	0
160.1	0.0614786	0
160.2	0.0661874	0
160.3	0.0712084	0
160.4	0.076558	0
160.5	0.0822528	0
160.6	0.0883098	0
160.7	0.0947464	0
160.8	0.101581	0
160.9	0.108834	0
161	0.116527	0
161.1	0.124685	0
161.2	0.133338	0
161.3	0.142522	0
161.4	0.152275	0
161.5	0.162645	0
161.6	0.173686	0
161.7	0.185456	0
161.8	0.19802	0
161.9	0.211446	0
162	0.225797	0
162.1	0.241138	0
162.2	0.25752	0
162.3	0.274984	0
162.4	0.293554	0
162.5	0.313237	0
162.6	0.33402	0
162.7	0.355871	0
162.8	0.378745	0
162.9	0.402585	0
163	0.427333	0
163.1	0.452932	0
163.2	0.479335	0
163.3	0.506518	0
163.4	0.534483	0
163.5	0.563264	0
163.6	0.592938	0
163.7	0.623617	0
163.8	0.655457	0
163.9	0.688641	0
164	0.723373	0
164.1	0.75985	0
164.2	0.798239	0
164.3	0.838635	0
164.4	0.881014	0
164.5	0.925188	0
164.6	0.97075	0
164.7	1.01704	0
164.8	1.0631	0
164.9	1.10772	0
165	1.14941	0
165.1	1.18652	0
165.2	1.21728	0
165.3	1.23995	0
165.4	1.25291	0
165.5	1.25481	0
165.6	1.2446	0
165.7	1.22168	0
165.8	1.1859	0
165.9	1.1376	0
166	1.07758	0
166.1	1.0071	0
166.2	0.927801	0
166.3	0.841644	0
166.4	0.750816	0
166.5	0.657645	0
166.6	0.564502	0
166.7	0.473712	0
166.8	0.38746	0
166.9	0.307717	0
167	0.236176	0
167.1	0.174194	0
167.2	0.122759	0
167.3	0.0824721	0
167.4	0.0535418	0
167.5	0.0357944	0
167.6	0.0287009	0
167.7	0.0314148	0
167.8	0.0428192	0
167.9	0.0615824	0
168	0.0862173	0
168.1	0.115144	0
168.2	0.14675	0
168.3	0.179451	0
168.4	0.211744	0
168.5	0.242256	0
168.6	0.269781	0
168.7	0.293314	0
168.8	0.31207	0
168.9	0.325498	0
169	0.33328	0
169.1	0.33533	0
169.2	0.331776	0
169.3	0.322939	0
169.4	0.309309	0
169.5	0.291514	0
169.6	0.270285	0
169.7	0.246422	0
169.8	0.220762	0
169.9	0.194144	0
170	0.167379	0
170.1	0.141221	0
170.2	0.116348	0
170.3	0.0933408	0
170.4	0.0726684	0
170.5	0.054683	0
170.6	0.0396148	0
170.7	0.0275736	0
170.8	0.0185546	0
170.9	0.012448	0
171	0.00905145	0
171.1	0.00808511	0
171.2	0.00920831	0
171.3	0.0120371	0
171.4	0.0161622	0
171.5	0.0211659	0
171.6	0.0266388	0
171.7	0.0321937	0
171.8	0.0374789	0
171.9	0.042188	0
172	0.0460676	0
172.1	0.0489226	0
172.2	0.0506186	0
172.3	0.0510817	0
172.4	0.0502967	0
172.5	0.0483021	0
172.6	0.0451851	0
172.7	0.0410732	0
172.8	0.0361268	0
172.9	0.03053	0
173	0.0244814	0
173.1	0.0181855	0
173.2	0.0118442	0
173.3	0.00564918	0
173.4	-0.00022465	0
173.5	-0.0056249	0
173.6	-0.0104257	0
173.7	-0.0145308	0
173.8	-0.0178749	0
173.9	-0.0204241	0
174	-0.0221749	0
174.1	-0.0231524	0
174.2	-0.0234071	0
174.3	-0.0230113	0
174.4	-0.022055	0
174.5	-0.0206414	0
174.6	-0.0188821	0
174.7	-0.0168921	0
174.8	-0.0147861	0
174.9	-0.0126735	0
175	-0.0106555	0
175.1	-0.00882139	0
175.2	-0.00724665	0
175.3	-0.00599093	0
175.4	-0.00509709	0
175.5	-0.00459088	0
175.6	-0.00448126	0
175.7	-0.00476126	0
175.8	-0.00540945	0
175.9	-0.00639172	0
176	-0.00766353	0
176.1	-0.00917224	0
176.2	-0.0108597	0
176.3	-0.0126645	0
176.4	-0.0145251	0
176.5	-0.0163813	0
176.6	-0.018177	0
176.7	-0.0198615	0
176.8	-0.0213913	0
176.9	-0.022731	0
177	-0.0238543	0
177.1	-0.0247439	0
177.2	-0.0253919	0
177.3	-0.0257992	0
177.4	-0.0259753	0
177.5	-0.0259367	0
177.6	-0.0257064	0
177.7	-0.0253125	0
177.8	-0.0247867	0
177.9	-0.0241631	0
178	-0.0234769	0
178.1	-0.0227626	0
178.2	-0.0220535	0
178.3	-0.0213802	0
178.4	-0.0207695	0
178.5	-0.0202443	0
178.6	-0.0198224	0
178.7	-0.0195166	0
178.8	-0.0193345	0
178.9	-0.0192785	0
179	-0.0193461	0
179.1	-0.01953	0
179.2	-0.0198194	0
179.3	-0.0201997	0
179.4	-0.0206539	0
179.5	-0.021163	0
179.6	-0.0217071	0
179.7	-0.0222657	0
179.8	-0.022819	0
179.9	-0.0233479	0
180	-0.0238353	0
180.1	-0.0242661	0
180.2	-0.0246278	0
180.3	-0.0249109	0
180.4	-0.0251087	0
180.5	-0.0252177	0
180.6	-0.0252375	0
180.7	-0.0251706	0
180.8	-0.0250221	0
180.9	-0.0247996	0
181	-0.0245127	0
181.1	-0.0241725	0
181.2	-0.0237912	0
181.3	-0.0233821	0
181.4	-0.0229583	0
181.5	-0.022533	0
181.6	-0.0221188	0
181.7	-0.0217273	0
181.8	-0.0213689	0
181.9	-0.0210525	0
182	-0.0207853	0
182.1	-0.0205728	0
182.2	-0.0204184	0
182.3	-0.0203238	0
182.4	-0.0202887	0
182.5	-0.0203113	0
182.6	-0.020388	0
182.7	-0.0205139	0
182.8	-0.0206829	0
182.9	-0.0208881	0
183	-0.0211217	0
183.1	-0.0213758	0
183.2	-0.021642	0
183.3	-0.0219123	0
183.4	-0.0221788	0
183.5	-0.0224343	0
183.6	-0.0226721	0
183.7	-0.0228866	0
183.8	-0.023073	0
183.9	-0.0232274	0
184	-0.0233473	0
184.1	-0.0234309	0
184.2	-0.0234778	0
184.3	-0.0234884	0
184.4	-0.023464	0
184.5	-0.0234068	0
184.6	-0.0233196	0
184.7	-0.023206	0
184.8	-0.0230698	0
184.9	-0.0229152	0
185	-0.0227465	0
185.1	-0.0225681	0
185.2	-0.0223842	0
185.3	-0.022199	0
185.4	-0.0220161	0
185.5	-0.021839	0
185.6	-0.0216706	0
185.7	-0.0215133	0
185.8	-0.021369	0
185.9	-0.021239	0
186	-0.0211242	0
186.1	-0.0210249	0
186.2	-0.020941	0
186.3	-0.0208719	0
186.4	-0.0208166	0
186.5	-0.0207738	0
186.6	-0.0207421	0
186.7	-0.0207197	0
186.8	-0.0207048	0
186.9	-0.0206956	0
187	-0.0206902	0
187.1	-0.0206868	0
187.2	-0.0206839	0
187.3	-0.0206798	0
187.4	-0.0206733	0
187.5	-0.0206634	0
187.6	-0.0206491	0
187.7	-0.0206299	0
187.8	-0.0206053	0
187.9	-0.0205753	0
188	-0.0205399	0
188.1	-0.0204994	0
188.2	-0.0204542	0
188.3	-0.020405	0
188.4	-0.0203523	0
188.5	-0.0202969	0
188.6	-0.0202397	0
188.7	-0.0201815	0
188.8	-0.0201231	0
188.9	-0.0200652	0
189	-0.0200086	0
189.1	-0.0199538	0
189.2	-0.0199015	0
189.3	-0.019852	0
189.4	-0.0198056	0
189.5	-0.0197626	0
189.6	-0.0197229	0
189.7	-0.0196866	0
189.8	-0.0196536	0
189.9	-0.0196235	0
190	-0.0195962	0
190.1	-0.0195713	0
190.2	-0.0195483	0
190.3	-0.0195268	0
190.4	-0.0195065	0
190.5	-0.0194867	0
190.6	-0.0194672	0
190.7	-0.0194475	0
190.8	-0.0194272	0
190.9	-0.0194059	0
191	-0.0193834	0
191.1	-0.0193594	0
191.2	-0.0193337	0
191.3	-0.0193063	0
191.4	-0.0192769	0
191.5	-0.0192456	0
191.6	-0.0192123	0
191.7	-0.0191771	0
191.8	-0.0191399	0
191.9	-0.019101	0
192	-0.0190603	0
192.1	-0.0190179	0
192.2	-0.0189739	0
192.3	-0.0189284	0
192.4	-0.0188814	0
192.5	-0.018833	0
192.6	-0.0187833	0
192.7	-0.0187321	0
192.8	-0.0186796	0
192.9	-0.0186255	0
193	-0.01857	0
193.1	-0.0185129	0
193.2	-0.0184541	0
193.3	-0.0183936	0
193.4	-0.0183312	0
193.5	-0.0182668	0
193.6	-0.0182004	0
193.7	-0.0181318	0
193.8	-0.0180611	0
193.9	-0.0179881	0
194	-0.0179128	0
194.1	-0.0178353	0
194.2	-0.0177556	0
194.3	-0.0176738	0
194.4	-0.0175898	0
194.5	-0.0175039	0
194.6	-0.0174162	0
194.7	-0.0173268	0
194.8	-0.0172359	0
194.9	-0.0171437	0
195	-0.0170503	0
195.1	-0.016956	0
195.2	-0.0168609	0
195.3	-0.0167651	0
195.4	-0.016669	0
195.5	-0.0165725	0
195.6	-0.0164758	0
195.7	-0.016379	0
195.8	-0.0162821	0
195.9	-0.0161851	0
196	-0.0160881	0
196.1	-0.0159909	0
196.2	-0.0158934	0
196.3	-0.0157956	0
196.4	-0.0156973	0
196.5	-0.0155982	0
196.6	-0.0154982	0
196.7	-0.0153969	0
196.8	-0.0152943	0
196.9	-0.0151898	0
197	-0.0150833	0
197.1	-0.0149745	0
197.2	-0.0148631	0
197.3	-0.0147488	0
197.4	-0.0146313	0
197.5	-0.0145104	0
197.6	-0.0143858	0
197.7	-0.0142573	0
197.8	-0.0141247	0
197.9	-0.0139879	0
198	-0.0138467	0
198.1	-0.013701	0
198.2	-0.0135508	0
198.3	-0.0133961	0
198.4	-0.0132367	0
198.5	-0.0130729	0
198.6	-0.0129045	0
198.7	-0.0127317	0
198.8	-0.0125546	0
198.9	-0.0123734	0
199	-0.0121881	0
199.1	-0.0119989	0
199.2	-0.011806	0
199.3	-0.0116097	0
199.4	-0.0114099	0
199.5	-0.0112071	0
199.6	-0.0110013	0
199.7	-0.0107928	0
199.8	-0.0105817	0
199.9	-0.0103683	0
200	-0.0101528	0
200.1	-0.00993533	0
200.2	-0.00971608	0
200.3	-0.00949524	0
200.4	-0.00927298	0
200.5	-0.00904949	0
200.6	-0.00882493	0
200.7	-0.00859946	0
200.8	-0.00837323	0
200.9	-0.00814641	0
201	-0.00791911	0
201.1	-0.00769149	0
201.2	-0.00746364	0
201.3	-0.00723567	0
201.4	-0.00700766	0
201.5	-0.00677969	0
201.6	-0.00655177	0
201.7	-0.00632395	0
201.8	-0.00609621	0
201.9	-0.00586851	0
